331 331 331 331 331 331 331 331 331 331 331 331 331 331 331 331 331 331 331 331 331 331 331 331 331 331 331 331 331 331 331 331 331 331 331 331 331 331 331 331 331 331 331 331 331 331 331 331 331 331 331 331 331 331 331 331 331 331 331 331 331 331 331 331 331 331 331 331 331 331 331 331 331 331 331 331 331 331 331 331 331 331 331 331 331 331 331 331 331 331 331 331 331 331 331 331 331 331 331 331 
331 331 331 331 331 331 331 331 331 331 331 331 331 331 331 331 331 331 331 331 331 331 331 331 331 331 331 331 331 331 331 331 331 331 331 331 331 331 331 331 331 331 331 331 331 331 331 331 331 331 331 331 331 331 331 331 331 331 331 331 331 331 331 331 331 331 331 331 331 331 331 331 331 331 331 331 331 331 331 331 331 331 331 331 331 331 331 331 331 331 331 331 331 331 331 331 331 331 331 331 
331 331 331 331 331 331 331 331 331 331 331 331 331 331 331 331 331 331 331 331 331 331 331 331 331 331 331 331 331 331 331 331 331 331 331 331 331 331 331 331 331 331 331 331 331 331 331 331 331 331 331 331 331 331 331 331 331 331 331 331 331 331 331 331 331 331 331 331 331 331 331 331 331 331 331 331 331 331 331 331 331 331 331 331 331 331 331 331 331 331 331 331 331 331 331 331 331 331 331 331 
331 331 331 331 331 331 331 331 331 331 331 331 331 331 331 331 331 331 331 331 331 331 331 331 331 331 331 331 331 331 331 331 331 331 331 331 331 331 331 331 331 331 331 331 331 331 331 331 331 331 331 331 331 331 331 331 331 331 331 331 331 331 331 331 331 331 331 331 331 331 331 331 331 331 331 331 331 331 331 331 331 331 331 331 331 331 331 331 331 331 331 331 331 331 331 331 331 331 331 331 
331 331 331 331 331 331 331 331 331 331 331 331 331 331 331 331 331 331 331 331 331 331 331 331 331 331 331 331 331 331 331 331 331 331 331 331 331 331 331 331 331 331 331 331 331 331 331 331 331 331 331 331 331 331 331 331 331 331 331 331 331 331 331 331 331 331 331 331 331 331 331 331 331 331 331 331 331 331 331 331 331 331 331 331 331 331 331 331 331 331 331 331 331 331 331 331 331 331 331 331 
331 331 331 331 331 331 331 331 331 331 331 331 331 331 331 331 331 331 331 331 331 331 331 331 331 331 331 331 331 331 331 331 331 331 331 331 331 331 331 331 331 331 331 331 331 331 331 331 331 331 331 331 331 331 331 331 331 331 331 331 331 331 331 331 331 331 331 331 331 331 331 331 331 331 331 331 331 331 331 331 331 331 331 331 331 331 331 331 331 331 331 331 331 331 331 331 331 331 331 331 
331 331 331 331 331 331 331 331 331 331 331 331 331 331 331 331 331 331 331 331 331 331 331 331 331 331 331 331 331 331 331 331 331 331 331 331 331 331 331 331 331 331 331 331 331 331 331 331 331 331 331 331 331 331 331 331 331 331 331 331 331 331 331 331 331 331 331 331 331 331 331 331 331 331 331 331 331 331 331 331 331 331 331 331 331 331 331 331 331 331 331 331 331 331 331 331 331 331 331 331 
331 331 331 331 331 331 331 331 331 331 331 331 331 331 331 331 331 331 331 331 331 331 331 331 331 331 331 331 336 336 336 336 336 336 336 336 336 336 336 336 336 336 336 336 336 336 336 336 336 336 336 336 336 336 336 336 336 336 336 336 336 336 336 336 336 336 336 336 336 336 336 336 336 336 336 336 336 336 336 336 336 336 336 336 336 336 336 336 336 336 331 331 331 331 331 331 331 331 331 331 
331 331 331 331 331 331 331 331 331 331 331 331 331 331 331 331 331 331 331 331 331 331 331 331 331 331 331 338 333 333 333 333 333 333 333 333 333 333 333 333 333 333 333 333 333 333 333 333 333 333 333 333 333 333 333 333 333 333 333 333 333 333 333 333 333 333 333 333 333 333 333 333 333 333 333 333 333 333 333 333 333 333 333 333 333 333 333 333 333 333 337 331 331 331 331 331 331 331 331 331 
331 331 331 331 331 331 331 331 331 331 331 331 331 331 331 331 331 331 331 331 331 331 331 331 331 336 336 335 333 333 333 333 333 333 333 333 333 333 333 333 333 333 333 333 333 333 333 333 333 333 333 333 333 333 333 333 333 333 333 333 333 333 333 333 333 333 333 333 333 333 333 333 333 333 333 333 333 333 333 333 333 333 333 333 333 333 333 333 333 333 337 331 331 331 331 331 331 331 331 331 
331 331 331 331 331 331 331 331 331 331 331 331 331 331 331 331 331 331 331 331 331 331 331 331 340 333 333 345 329 332 329 329 329 329 329 329 332 332 329 329 329 332 332 332 329 329 329 329 329 329 329 332 332 329 332 329 329 329 329 329 329 329 332 332 332 332 332 332 332 332 332 329 329 329 329 329 332 332 329 329 329 332 329 329 332 329 332 329 329 329 337 331 331 331 331 331 331 331 331 331 
331 331 331 331 331 331 331 331 331 331 331 331 331 331 331 331 331 331 331 331 331 331 331 331 340 333 333 345 327 327 327 327 327 327 327 327 327 327 327 327 327 327 327 327 327 327 327 327 327 327 327 327 327 327 327 327 327 327 327 388 327 327 327 327 327 327 327 327 327 327 327 327 327 327 327 327 327 327 327 327 390 327 387 327 327 327 327 387 327 327 339 331 331 331 331 331 331 331 331 331 
331 331 331 331 331 331 331 331 331 331 331 331 331 331 331 331 331 331 331 331 331 331 331 336 335 332 329 328 327 327 327 327 390 327 327 327 327 327 388 327 327 327 327 390 327 327 388 327 327 327 327 390 327 327 327 388 327 327 327 327 327 327 327 327 327 327 390 327 388 327 327 327 327 388 327 327 327 327 327 388 327 327 327 327 327 327 327 327 388 327 339 331 331 331 331 331 331 331 331 331 
331 331 331 331 331 331 331 331 331 331 331 331 331 331 331 331 331 331 331 331 331 331 340 333 345 327 390 327 390 327 327 390 327 327 327 327 388 327 327 327 327 388 327 327 327 327 327 327 327 327 327 327 327 327 327 327 390 327 327 390 327 327 327 327 327 327 327 327 327 327 327 390 327 388 327 327 327 390 327 327 327 327 327 327 390 327 327 327 327 327 339 331 331 331 331 331 331 331 331 331 
331 331 331 331 331 331 331 331 331 331 331 331 331 331 331 331 331 331 331 331 331 336 335 333 345 327 327 327 327 327 388 327 327 327 390 327 327 327 388 327 327 327 327 327 388 327 327 327 327 327 327 327 327 327 390 327 327 327 327 327 327 388 327 327 327 327 327 327 327 390 327 327 327 327 327 341 343 343 343 342 327 327 327 390 327 327 327 327 327 327 339 331 331 331 331 331 331 331 331 331 
331 331 331 331 331 331 331 331 331 331 331 331 331 331 331 331 331 331 331 331 338 333 345 329 328 390 327 327 327 327 327 327 327 327 327 327 327 327 327 327 327 327 327 327 327 327 390 327 327 388 327 327 327 327 327 327 327 327 388 327 327 327 327 327 327 327 327 388 327 327 327 327 327 327 327 337 347 331 349 338 327 327 388 327 327 327 388 327 327 327 339 331 331 331 331 331 331 331 331 331 
331 331 331 331 331 331 331 331 331 331 331 331 331 331 331 331 331 331 331 331 335 333 345 327 327 327 327 327 327 327 327 327 327 327 327 327 390 327 327 327 327 327 327 327 327 388 327 327 327 327 394 327 327 394 327 327 391 327 327 327 327 388 327 327 327 327 327 327 327 388 327 327 390 327 327 337 347 331 349 338 327 327 327 388 327 327 327 327 327 327 339 331 331 331 331 331 331 331 331 331 
331 331 331 331 331 331 331 331 331 331 331 331 331 331 331 331 331 331 331 335 333 329 328 327 390 327 327 327 327 390 390 327 390 327 327 327 327 327 327 327 388 327 327 391 392 392 327 327 327 327 327 391 392 327 327 327 394 391 327 327 327 327 327 327 327 388 327 327 327 327 327 327 327 327 327 334 336 336 336 335 327 327 327 390 327 387 327 327 327 327 339 331 331 331 331 331 331 331 331 331 
331 331 331 331 331 331 331 331 331 331 331 331 331 331 331 331 331 336 335 333 345 327 327 327 327 327 327 327 327 327 327 327 327 327 327 327 327 327 327 327 327 327 327 379 381 381 381 381 381 381 381 381 381 381 381 381 381 381 381 378 393 391 327 327 392 327 327 327 392 327 327 390 327 327 327 344 333 333 333 345 388 327 327 327 327 327 327 388 327 327 339 331 331 331 331 331 331 331 331 331 
331 331 331 331 331 331 331 331 331 331 331 331 331 331 331 336 335 333 333 333 328 327 327 390 327 327 327 327 327 390 327 327 327 327 390 327 327 388 327 394 391 392 373 370 346 346 346 346 346 346 346 346 346 346 346 346 346 346 346 371 372 327 327 327 327 393 327 327 327 327 392 327 327 327 327 344 333 333 333 345 387 327 327 327 327 327 327 327 327 327 339 331 331 331 331 331 331 331 331 331 
331 331 331 331 331 331 331 331 331 331 331 331 331 336 335 333 333 333 333 328 327 327 327 327 327 327 327 327 327 327 327 327 327 327 327 327 327 327 327 327 327 373 370 346 346 346 346 346 346 346 346 346 346 346 346 346 346 346 346 346 371 381 381 381 381 381 381 381 352 327 327 327 327 327 327 330 329 332 329 328 327 327 327 327 327 327 327 327 327 327 339 331 331 331 331 331 331 331 331 331 
331 331 331 331 331 331 331 331 331 331 331 336 335 333 333 333 333 332 328 327 327 327 327 327 327 327 327 327 327 327 327 327 327 327 327 327 394 327 394 327 373 370 346 346 346 346 346 346 346 346 346 346 346 346 346 346 346 346 346 346 346 346 346 346 346 346 346 346 383 327 327 327 327 327 327 327 327 327 327 327 350 351 352 327 327 327 390 327 327 327 339 331 331 331 331 331 331 331 331 331 
331 331 331 331 331 331 331 331 331 331 335 333 333 333 333 332 328 327 327 327 327 327 390 327 390 327 327 327 327 327 327 327 327 327 327 327 327 379 381 381 370 346 346 346 346 346 346 346 346 346 346 346 346 346 346 346 346 346 346 346 346 346 346 346 346 346 346 346 383 392 327 327 327 327 327 327 327 327 387 327 353 331 357 327 327 327 327 327 327 327 339 331 331 331 331 331 331 331 331 331 
331 331 331 331 331 331 331 331 331 340 333 333 333 332 328 327 327 327 327 327 327 327 327 327 327 327 327 327 327 327 327 327 327 327 327 394 327 382 346 346 346 346 346 346 346 346 346 346 346 346 346 346 346 346 346 346 346 346 346 346 346 346 346 346 346 346 346 346 383 327 327 392 327 327 327 327 327 327 327 327 354 355 356 327 327 327 327 389 389 327 339 331 331 331 331 331 331 331 331 331 
331 331 331 331 331 331 331 331 331 340 333 332 328 327 358 351 381 381 359 327 327 327 327 327 327 327 327 327 327 390 327 390 327 327 327 327 391 382 346 346 346 346 346 346 346 346 346 346 346 346 346 346 346 346 346 346 346 346 346 346 346 346 346 346 346 346 346 346 383 327 327 327 327 327 327 327 327 327 327 327 327 327 327 327 388 327 327 327 327 327 339 331 331 331 331 331 331 331 331 331 
331 331 331 331 331 331 331 331 331 340 362 351 381 351 331 331 331 331 331 359 327 327 327 388 327 327 388 327 327 327 327 327 327 327 391 327 327 382 346 346 346 346 346 346 346 346 346 346 346 346 346 346 346 346 346 346 346 346 346 346 346 346 346 346 346 346 346 346 383 327 388 327 390 389 327 327 327 388 327 388 327 327 327 327 327 327 327 327 327 327 339 331 331 331 331 331 331 331 331 331 
331 331 331 331 331 331 331 331 331 331 331 331 331 331 331 331 331 331 331 331 359 327 327 327 327 327 327 327 327 327 327 327 327 327 327 394 327 382 346 346 346 346 346 346 346 346 346 346 346 346 346 346 346 346 346 346 346 346 346 346 346 346 346 346 346 346 346 346 383 327 327 327 327 390 327 327 327 327 327 327 389 327 327 327 327 389 388 327 327 327 339 331 331 331 331 331 331 331 331 331 
331 331 331 331 331 331 331 331 331 340 360 331 331 331 331 331 331 331 331 331 331 359 327 327 327 327 327 390 327 327 327 327 327 393 327 327 369 370 346 346 346 346 346 346 346 346 346 346 346 346 346 346 346 346 346 346 346 346 346 346 346 346 346 346 346 346 346 346 383 327 327 327 327 327 327 327 390 327 327 327 327 388 327 327 327 327 327 388 327 327 339 331 331 331 331 331 331 331 331 331 
331 331 331 331 331 331 331 331 331 340 327 360 331 331 331 331 331 331 331 331 331 331 359 327 327 327 327 327 327 327 388 327 327 327 393 327 374 346 346 346 346 346 346 346 346 346 346 346 346 346 346 346 346 346 346 346 346 346 346 346 346 346 346 346 346 346 346 346 383 387 327 327 327 388 327 327 327 327 327 327 327 327 327 327 327 327 327 327 327 327 339 331 331 331 331 331 331 331 331 331 
331 331 331 331 331 331 331 331 331 340 327 353 331 331 331 331 331 331 331 331 331 331 361 327 327 327 327 327 327 327 327 327 327 327 327 373 370 346 346 346 346 346 346 346 346 346 346 346 346 346 346 346 346 346 346 346 346 346 346 346 346 346 346 346 346 346 346 346 376 390 327 327 327 327 327 327 327 327 388 327 327 327 390 388 327 327 327 327 327 327 339 331 331 331 331 331 331 331 331 331 
331 331 331 331 331 331 331 331 331 340 388 327 354 360 331 331 331 331 331 331 331 363 327 327 327 327 388 327 327 327 327 327 327 327 327 374 346 346 346 346 346 346 346 346 346 346 346 346 346 346 346 346 346 346 346 346 346 346 346 346 346 346 346 346 346 346 346 377 327 327 391 327 327 327 327 327 327 327 327 327 327 327 327 327 327 327 327 327 327 327 339 331 331 331 331 331 331 331 331 331 
331 331 331 331 331 331 331 331 331 340 327 327 327 327 364 331 331 331 331 331 361 356 327 388 327 327 327 327 327 390 327 388 327 327 393 327 375 346 346 346 346 346 386 386 386 386 386 346 346 346 346 346 346 346 346 346 346 346 346 346 346 346 346 346 346 346 377 327 327 392 327 327 387 390 327 327 327 327 387 327 327 327 327 388 327 327 327 327 327 327 339 331 331 331 331 331 331 331 331 331 
331 331 331 331 331 331 331 331 331 340 327 327 327 327 327 353 331 331 331 357 327 327 327 327 327 327 327 390 327 327 327 327 388 393 327 373 370 346 346 346 346 385 391 392 393 394 391 375 346 346 346 346 346 346 346 346 346 346 346 346 346 346 346 346 346 377 327 327 391 327 327 327 327 327 327 327 327 327 327 327 327 327 327 388 327 327 327 327 327 327 339 331 331 331 331 331 331 331 331 331 
331 331 331 331 331 331 331 331 331 340 327 327 388 327 327 354 355 355 355 356 327 327 327 327 327 327 327 327 327 327 327 327 327 327 373 370 346 346 346 346 377 327 392 391 394 392 394 382 346 346 346 346 346 346 346 346 346 346 346 346 346 346 346 346 377 327 327 327 327 391 327 387 327 327 327 327 327 327 327 327 327 327 327 327 327 327 327 341 343 343 331 331 331 331 331 331 331 331 331 331 
331 331 331 331 331 331 331 331 331 340 327 327 327 327 390 327 327 327 327 327 327 327 327 327 390 327 327 327 390 327 327 327 327 369 370 346 346 346 346 346 371 378 327 392 391 327 327 382 346 346 346 346 346 346 346 346 346 346 346 346 346 346 346 346 383 393 327 393 389 327 327 327 327 327 327 327 327 327 327 327 327 327 327 327 327 341 343 331 331 331 331 331 331 331 331 331 331 331 331 331 
331 331 331 331 331 331 331 331 331 340 327 327 327 387 327 327 327 327 327 390 327 387 327 327 327 327 388 327 327 327 327 327 392 374 346 346 346 346 346 346 346 376 327 327 327 327 327 382 346 346 346 346 346 346 346 346 346 346 346 346 346 346 346 346 383 327 391 327 327 327 327 327 327 327 389 327 327 327 327 327 327 327 327 341 343 331 331 331 331 331 331 331 331 331 331 331 331 331 331 331 
331 331 331 331 331 331 331 331 331 331 342 327 327 388 388 327 327 327 327 327 327 327 327 327 327 388 327 327 327 327 327 327 327 327 375 346 346 346 346 346 346 376 327 327 327 327 327 384 346 346 346 346 346 346 346 346 346 346 346 346 346 346 346 346 376 327 327 327 327 327 327 327 327 387 327 327 327 327 327 327 341 343 343 331 331 331 331 331 331 331 331 331 331 331 331 331 331 331 331 331 
331 331 331 331 331 331 331 331 331 331 331 342 327 327 327 327 327 327 327 327 327 327 327 327 327 327 327 327 391 327 327 327 327 373 370 346 346 346 346 346 377 327 327 327 327 327 327 327 375 386 386 386 386 386 386 386 386 386 386 386 386 386 386 386 385 327 393 327 327 327 327 389 327 327 327 327 327 341 343 343 331 331 331 331 331 331 331 331 331 331 331 331 331 331 331 331 331 331 331 331 
331 331 331 331 331 331 331 331 331 331 331 331 342 327 327 388 327 387 327 327 327 327 327 327 327 327 327 327 327 327 394 391 373 370 346 346 346 346 346 377 327 391 327 327 327 327 327 391 327 327 327 327 327 327 327 327 327 327 327 327 327 327 327 327 327 327 327 327 327 327 327 327 327 327 327 327 341 331 331 331 331 331 331 331 331 331 331 331 331 331 331 331 331 331 331 331 331 331 331 331 
331 331 331 331 331 331 331 331 331 331 331 331 331 342 327 327 327 327 327 327 327 327 390 327 327 327 327 327 327 327 392 373 370 346 346 346 346 346 377 327 327 327 327 327 327 327 327 327 327 327 391 327 327 327 393 393 327 327 391 393 327 327 327 327 327 327 327 327 327 327 327 327 327 327 327 341 331 331 331 331 331 331 331 331 331 331 331 331 331 331 331 331 331 331 331 331 331 331 331 331 
331 331 331 331 331 331 331 331 331 331 331 331 331 331 342 327 327 327 327 327 388 327 327 327 327 388 327 327 392 394 373 370 346 346 346 346 346 377 327 327 391 327 327 327 327 327 327 327 327 327 327 327 327 327 327 327 327 390 391 391 388 327 327 327 327 388 327 327 390 327 327 327 327 327 327 337 331 331 331 331 331 331 331 331 331 331 331 331 331 331 331 331 331 331 331 331 331 331 331 331 
331 331 331 331 331 331 331 331 331 331 331 331 331 331 331 342 327 327 327 388 387 388 327 327 327 327 327 327 327 391 374 346 346 346 346 346 346 376 391 391 327 327 327 327 327 327 327 327 327 327 327 327 327 327 327 327 327 327 327 327 327 327 327 327 327 327 327 327 327 327 327 327 327 327 327 337 331 331 331 331 331 331 331 331 331 331 331 331 331 331 331 331 331 331 331 331 331 331 331 331 
331 331 331 331 331 331 331 331 331 331 331 331 331 331 331 331 342 327 327 327 327 327 327 327 327 327 327 327 327 379 370 346 346 346 346 346 377 327 392 327 327 327 327 327 327 327 327 387 327 327 388 327 387 327 327 327 327 327 327 327 327 327 327 390 327 327 327 327 327 327 327 327 387 327 327 337 331 331 331 331 331 331 331 331 331 331 331 331 331 331 331 331 331 331 331 331 331 331 331 331 
331 331 331 331 331 331 331 331 331 331 331 331 331 331 331 331 338 327 327 388 327 327 327 327 327 327 327 327 327 382 346 346 346 346 346 377 327 392 327 327 327 327 327 327 327 327 327 327 327 327 327 327 327 327 327 327 388 327 327 327 327 327 327 327 327 327 327 327 390 327 327 327 327 327 327 334 331 331 331 331 331 331 331 331 331 331 331 331 331 331 331 331 331 331 331 331 331 331 331 331 
331 331 331 331 331 331 331 331 331 331 331 331 331 331 331 331 338 327 327 327 327 327 327 327 327 327 392 327 391 384 386 346 346 346 346 383 392 391 327 327 327 327 327 327 327 388 327 327 327 327 327 327 327 327 327 327 327 388 327 327 327 327 327 327 327 388 327 327 327 327 327 327 327 327 327 344 334 331 331 331 331 331 331 331 331 331 331 331 331 331 331 331 331 331 331 331 331 331 331 331 
331 331 331 331 331 331 331 331 331 331 331 331 331 331 331 331 338 390 327 327 327 327 327 327 327 327 327 327 327 327 374 346 346 346 346 383 327 327 392 392 327 327 327 327 327 327 327 327 327 327 388 327 327 327 327 327 327 327 327 327 390 327 327 327 327 327 327 327 327 327 327 327 327 327 327 344 333 334 336 331 331 331 331 331 331 331 331 331 331 331 331 331 331 331 331 331 331 331 331 331 
331 331 331 331 331 331 331 331 331 331 331 331 331 331 331 331 338 327 327 327 327 388 327 327 327 327 327 327 327 391 374 346 346 346 346 383 327 327 327 327 327 327 327 388 327 327 327 387 327 327 327 327 387 327 327 327 327 327 327 327 327 327 327 327 327 390 327 327 327 327 327 327 327 327 327 330 333 333 333 337 331 331 331 331 331 331 331 331 331 331 331 331 331 331 331 331 331 331 331 331 
331 331 331 331 331 331 331 331 331 331 331 331 331 331 331 331 335 327 327 327 327 390 327 327 327 390 327 327 391 393 379 346 346 346 346 383 391 392 327 327 327 327 327 327 327 327 327 327 327 327 327 327 327 327 327 327 327 327 327 327 327 389 327 327 327 327 327 327 327 327 327 327 388 327 327 327 330 333 333 337 331 331 331 331 331 331 331 331 331 331 331 331 331 331 331 331 331 331 331 331 
331 331 331 331 331 331 331 331 331 331 331 331 331 331 331 335 345 327 327 388 327 327 327 327 327 327 327 327 327 379 370 346 346 346 346 383 392 327 391 327 327 327 327 327 327 388 327 327 327 327 327 327 327 327 387 327 327 327 327 327 327 327 327 327 327 388 327 327 327 327 327 327 327 327 388 327 327 330 329 334 336 336 336 336 336 336 331 331 331 331 331 331 331 331 331 331 331 331 331 331 
331 331 331 331 331 331 331 331 331 331 336 336 336 336 335 333 345 327 327 327 327 327 327 327 327 327 327 327 394 382 346 346 346 346 386 385 327 327 327 327 327 327 327 327 327 327 327 327 327 390 327 327 327 327 327 327 327 388 327 327 327 327 327 327 327 327 327 327 327 327 327 327 327 327 327 327 327 327 327 344 333 333 333 333 333 333 337 331 331 331 331 331 331 331 331 331 331 331 331 331 
331 331 331 331 331 331 331 331 331 340 333 333 333 333 333 333 328 327 327 327 390 327 327 327 327 327 327 394 327 374 346 346 346 346 385 327 327 327 327 327 327 327 327 327 327 327 327 327 327 327 327 327 327 327 327 327 327 327 327 327 327 327 390 327 327 327 327 390 327 327 327 388 327 327 327 327 388 327 327 344 333 333 333 333 333 333 337 331 331 331 331 331 331 331 331 331 331 331 331 331 
331 331 331 331 331 331 331 331 331 340 333 333 333 333 333 328 390 327 327 327 327 327 327 327 327 327 327 327 327 370 346 346 346 377 327 391 327 327 327 327 327 327 388 327 327 327 327 327 327 327 327 390 327 327 327 327 327 327 327 327 327 327 327 389 327 327 327 327 327 327 327 327 327 327 327 327 327 388 327 330 332 332 329 332 329 329 334 336 331 331 331 331 331 331 331 331 331 331 331 331 
331 331 331 331 331 331 331 331 331 340 332 329 332 329 332 389 327 327 327 327 388 327 327 327 327 394 392 327 370 346 346 346 377 327 391 392 327 327 327 327 327 327 327 327 327 327 389 327 327 327 327 327 327 327 389 327 327 389 327 327 327 327 327 327 327 327 327 327 327 327 327 327 327 327 327 327 327 327 327 327 327 327 327 327 327 327 344 333 337 331 331 331 331 331 331 331 331 331 331 331 
331 331 331 331 331 331 331 331 331 340 327 327 390 327 387 327 327 327 390 327 327 327 327 327 327 392 373 370 346 346 346 377 327 391 327 327 387 327 327 327 327 327 327 327 327 327 327 327 327 327 327 327 327 327 388 327 327 327 327 327 327 327 327 327 390 327 327 341 343 343 343 343 343 343 343 343 343 343 342 327 327 388 327 327 327 327 344 333 337 331 331 331 331 331 331 331 331 331 331 331 
331 331 331 331 331 331 331 331 331 340 327 388 327 327 327 327 327 327 327 327 388 327 327 327 327 373 370 346 346 346 377 391 327 392 327 327 327 388 327 327 327 327 327 327 327 327 327 327 327 327 327 327 327 327 327 327 327 327 327 327 327 327 327 327 341 343 343 331 331 331 331 331 331 331 331 331 331 331 331 342 327 327 327 388 327 327 330 329 334 331 331 331 331 331 331 331 331 331 331 331 
331 331 331 331 331 331 331 331 331 340 327 327 327 327 327 327 327 327 327 327 327 327 327 394 379 370 346 346 346 385 392 327 327 327 327 327 327 327 327 327 327 327 341 343 343 343 342 327 327 327 327 327 327 327 327 327 327 327 327 327 327 327 327 341 331 331 331 331 331 331 331 331 331 331 331 331 331 331 331 338 327 327 327 327 327 327 327 327 344 334 331 331 331 331 331 331 331 331 331 331 
331 331 331 331 331 331 331 331 331 340 327 327 327 327 327 327 327 327 388 327 327 391 327 379 370 346 346 346 346 383 327 391 327 327 327 327 327 327 327 327 341 343 349 331 331 349 349 342 327 327 327 327 327 327 327 327 327 327 327 327 327 327 341 331 331 331 331 331 331 331 331 331 331 331 331 331 331 331 331 338 327 327 327 327 327 327 327 327 344 333 339 331 331 331 331 331 331 331 331 331 
331 331 331 331 331 331 331 331 331 340 327 327 327 327 327 327 327 327 327 327 327 327 327 382 346 346 346 346 346 385 392 327 327 327 327 327 327 327 327 341 347 331 331 331 331 331 349 349 342 327 327 327 327 327 327 327 327 327 327 327 327 341 331 331 331 331 331 331 331 331 331 331 331 331 331 331 331 331 331 331 342 327 327 327 327 327 327 327 330 333 339 331 331 331 331 331 331 331 331 331 
331 331 331 331 331 331 331 331 331 340 327 327 327 388 327 327 327 327 327 327 327 327 327 382 346 346 346 346 385 327 327 327 327 327 327 327 327 327 327 337 347 331 331 331 331 331 331 349 338 327 327 327 390 327 327 327 327 327 327 327 327 337 331 331 331 331 331 331 331 331 331 331 331 331 331 331 331 331 331 331 338 327 327 327 327 327 327 327 327 341 331 331 331 331 331 331 331 331 331 331 
331 331 331 331 331 331 331 331 331 340 327 327 327 327 327 327 327 327 327 327 388 391 327 382 346 346 346 383 327 327 327 327 327 327 327 327 327 327 341 347 331 331 331 331 331 331 331 349 338 388 389 327 327 327 327 327 327 327 327 327 327 337 331 331 331 331 331 331 331 331 331 331 331 331 331 331 331 331 331 331 338 327 327 327 327 327 327 327 341 331 331 331 331 331 331 331 331 331 331 331 
331 331 331 331 331 331 331 331 331 340 327 327 327 327 327 390 327 327 327 327 327 327 391 382 346 346 346 376 327 390 327 390 327 327 327 387 327 327 337 347 331 331 331 331 331 331 331 349 335 327 327 327 327 327 327 327 327 327 327 327 327 337 331 331 331 331 331 331 331 331 331 331 331 331 331 331 331 331 331 331 338 327 327 327 327 327 327 341 331 331 331 331 331 331 331 331 331 331 331 331 
331 331 331 331 331 331 331 331 331 340 327 327 327 327 327 327 327 327 327 327 327 327 327 382 346 346 346 383 327 327 327 327 327 327 327 327 327 327 337 347 331 331 331 331 331 331 349 349 345 327 327 327 327 327 327 327 327 327 327 327 327 337 331 331 331 331 331 331 331 331 331 331 331 331 331 331 331 331 331 336 335 327 327 327 327 327 327 341 331 331 331 331 331 331 331 331 331 331 331 331 
331 331 331 331 331 331 331 331 331 340 327 327 387 327 387 327 327 327 327 390 327 327 327 382 346 346 346 383 327 390 327 327 327 327 327 327 327 327 337 347 348 348 348 348 348 348 349 335 345 327 327 390 327 327 327 327 327 327 327 327 327 337 331 331 331 331 331 331 331 331 331 331 331 331 331 331 331 331 338 333 345 327 327 327 327 327 327 341 331 331 331 331 331 331 331 331 331 331 331 331 
331 331 331 331 331 331 331 331 331 340 327 327 327 327 327 327 327 327 327 327 327 327 391 382 346 346 346 383 327 327 327 327 327 327 327 387 327 327 334 336 336 336 336 336 336 336 335 333 328 327 327 327 327 327 327 388 327 327 327 327 327 334 331 331 331 331 331 331 331 331 331 331 331 331 331 331 331 331 338 333 345 327 327 327 327 327 327 341 331 331 331 331 331 331 331 331 331 331 331 331 
331 331 331 331 331 331 331 331 331 340 327 327 327 327 327 327 327 327 387 327 327 327 327 382 346 346 346 383 327 393 387 327 327 327 327 327 327 327 344 333 333 333 333 333 333 333 333 333 327 327 388 327 327 327 327 327 327 327 327 327 327 344 337 331 331 331 331 331 331 331 331 331 331 331 331 331 331 331 338 329 328 327 327 327 327 327 327 341 331 331 331 331 331 331 331 331 331 331 331 331 
331 331 331 331 331 331 331 331 331 340 327 388 327 390 327 388 327 327 327 327 327 391 373 370 346 346 346 383 327 327 327 327 327 387 327 327 327 327 344 333 333 333 333 333 333 333 333 328 327 327 327 327 327 327 327 327 327 327 327 327 327 344 334 331 331 331 331 331 331 331 331 331 331 331 331 331 331 331 331 342 327 327 327 327 327 327 327 341 331 331 331 331 331 331 331 331 331 331 331 331 
331 331 331 331 331 331 331 331 331 340 327 327 327 387 327 327 327 327 327 327 391 327 370 346 346 346 346 385 327 327 390 327 327 327 327 327 327 387 330 329 332 329 332 329 332 329 328 327 327 327 388 327 327 327 327 388 327 388 390 327 327 330 344 339 331 331 331 331 331 331 331 331 331 331 331 331 331 331 331 331 342 327 327 327 327 327 327 341 331 331 331 331 331 331 331 331 331 331 331 331 
331 331 331 331 331 331 331 331 331 340 327 327 387 327 327 327 327 327 327 391 327 370 346 346 346 346 377 393 393 327 327 327 327 327 327 327 327 327 327 327 327 327 327 327 388 327 327 327 327 327 327 327 327 327 327 327 327 327 327 327 327 327 344 339 331 331 331 331 331 331 331 331 331 331 331 331 331 331 331 331 338 327 327 327 327 327 327 341 331 331 331 331 331 331 331 331 331 331 331 331 
331 331 331 331 331 331 331 331 331 340 327 327 327 327 327 327 350 381 381 381 370 346 346 346 346 377 327 327 390 327 327 327 327 327 327 327 327 327 327 327 327 327 327 327 388 327 327 327 327 327 327 327 327 327 327 327 327 327 327 327 327 327 330 334 336 336 336 336 336 336 336 336 336 336 336 336 336 336 336 336 335 327 327 327 327 327 327 341 331 331 331 331 331 331 331 331 331 331 331 331 
331 331 331 331 331 331 331 331 331 340 327 390 327 327 327 327 393 375 346 346 346 346 346 346 377 327 387 327 327 327 327 390 327 327 327 387 327 327 327 327 327 327 388 327 327 327 390 327 327 327 327 388 327 390 327 327 327 388 327 327 390 327 327 344 333 333 333 333 333 333 333 333 333 333 333 333 333 333 333 333 345 327 327 327 327 327 327 334 331 331 331 331 331 331 331 331 331 331 331 331 
331 331 331 331 331 331 331 331 331 340 327 327 327 327 387 327 393 384 346 346 346 346 346 377 327 393 327 390 390 327 327 327 327 327 327 327 327 327 327 327 327 327 327 327 390 327 327 327 327 388 327 327 327 327 327 327 327 327 327 327 327 390 327 344 333 333 333 333 333 333 333 333 333 333 333 333 333 333 333 333 345 327 327 327 327 327 327 344 334 331 331 331 331 331 331 331 331 331 331 331 
331 331 331 331 331 331 331 331 331 340 327 327 327 327 327 327 327 373 346 346 346 346 377 327 394 327 387 327 327 327 327 387 327 390 327 327 327 327 327 327 327 327 327 327 327 327 327 327 327 327 327 327 390 327 327 327 327 327 341 342 327 388 327 330 329 332 329 329 332 329 329 329 332 329 332 329 329 332 329 332 328 327 327 390 327 327 327 330 333 334 331 331 331 331 331 331 331 331 331 331 
331 331 331 331 331 331 331 331 331 340 327 390 327 327 327 390 373 370 346 346 346 377 327 393 327 327 327 327 327 327 327 327 327 327 327 327 327 327 327 327 327 327 327 327 327 388 327 327 327 327 327 327 327 327 390 327 327 327 334 335 327 327 327 327 327 327 388 327 327 327 327 327 327 327 327 327 327 327 327 327 327 327 327 327 327 327 327 327 330 333 339 331 331 331 331 331 331 331 331 331 
331 331 331 331 331 331 331 331 331 340 327 390 327 327 394 373 370 346 346 346 377 390 327 327 327 387 327 327 327 327 327 327 327 327 327 327 327 327 327 327 387 327 327 327 327 327 327 327 327 327 327 327 327 327 327 327 327 327 344 345 327 327 327 327 327 390 327 327 327 327 327 390 327 388 327 327 327 327 327 388 327 327 327 327 327 388 327 327 327 330 339 331 331 331 331 331 331 331 331 331 
331 331 331 331 331 331 331 331 331 340 327 327 387 327 373 370 346 346 346 377 394 327 327 327 327 327 327 327 327 327 390 327 327 327 327 327 327 327 327 327 327 327 327 327 327 327 327 388 327 327 327 327 327 327 327 327 327 327 344 345 327 327 327 327 327 327 327 327 327 327 327 327 327 327 327 327 327 327 327 327 327 390 327 327 327 327 327 327 327 327 339 331 331 331 331 331 331 331 331 331 
331 331 331 331 331 331 331 331 331 340 327 327 327 373 370 346 346 386 386 385 327 327 327 327 390 327 387 327 327 327 327 327 327 327 327 387 327 327 387 387 327 327 327 327 327 388 327 327 327 327 327 327 388 327 327 327 327 327 330 328 327 327 390 327 327 327 390 327 388 327 327 327 327 327 327 327 327 327 327 327 327 327 327 327 327 327 390 327 327 327 339 331 331 331 331 331 331 331 331 331 
331 331 331 331 331 331 331 331 331 340 381 381 381 370 346 346 377 327 327 327 327 327 387 327 327 327 327 327 341 343 343 342 327 327 327 327 327 387 327 327 327 327 327 327 327 327 327 327 327 327 327 388 327 327 327 327 388 327 327 327 327 327 327 327 327 388 327 327 327 327 327 327 327 327 327 327 327 327 390 327 327 327 390 327 390 327 327 327 341 343 331 331 331 331 331 331 331 331 331 331 
331 331 331 331 331 331 331 331 331 346 346 346 346 346 346 377 392 392 387 327 327 327 327 327 327 327 327 341 331 331 331 331 343 342 327 327 327 327 327 327 327 327 327 327 327 327 327 327 327 327 327 327 327 327 327 327 388 327 327 390 327 327 327 327 327 327 327 327 327 327 327 388 327 327 327 327 327 327 327 327 327 327 327 327 327 327 327 327 337 331 331 331 331 331 331 331 331 331 331 331 
331 331 331 331 331 331 331 331 331 346 346 346 346 346 346 383 393 391 327 327 390 327 327 327 327 327 390 337 331 331 331 331 331 331 342 327 327 327 388 327 327 327 327 341 343 343 343 343 343 343 343 343 343 343 343 343 343 342 327 327 327 327 327 327 327 327 327 327 390 327 327 327 341 343 343 343 343 342 327 327 327 327 327 327 327 390 327 327 337 331 331 331 331 331 331 331 331 331 331 331 
331 331 331 331 331 331 331 331 331 346 386 386 386 386 386 385 392 394 327 327 327 387 327 327 327 327 327 337 331 331 331 331 331 331 331 342 327 327 327 327 327 327 341 331 331 331 331 331 331 331 331 331 331 331 331 331 331 338 327 327 327 327 327 327 327 327 327 327 327 327 327 341 331 331 331 331 331 338 327 327 327 327 388 327 327 327 327 327 337 331 331 331 331 331 331 331 331 331 331 331 
331 331 331 331 331 331 331 331 331 340 327 327 327 390 327 393 393 327 327 390 327 327 327 390 341 343 343 331 331 331 331 331 331 331 331 331 343 342 327 327 327 341 331 331 331 331 331 331 331 331 331 331 331 331 331 331 331 331 342 327 327 388 327 327 327 327 327 327 327 327 327 337 331 331 331 331 331 338 327 327 327 327 327 327 327 388 327 327 337 331 331 331 331 331 331 331 331 331 331 331 
331 331 331 331 331 331 331 331 331 331 343 342 327 327 327 387 391 394 327 327 327 327 327 327 337 331 331 331 331 331 331 331 331 331 331 331 331 338 327 327 327 337 331 331 331 331 331 331 331 331 331 331 331 331 331 331 331 331 338 327 327 327 327 327 327 327 327 327 327 341 343 331 331 331 331 331 331 338 327 327 388 327 327 388 327 327 327 341 331 331 331 331 331 331 331 331 331 331 331 331 
331 331 331 331 331 331 331 331 331 331 331 331 342 327 390 393 392 393 387 341 343 342 327 341 331 331 331 331 331 331 331 331 331 331 331 331 331 338 327 327 327 337 331 331 331 331 331 331 331 331 331 331 331 331 331 331 331 331 338 327 327 327 388 327 327 327 327 327 341 331 331 331 331 331 331 331 331 338 327 327 327 327 327 327 327 327 341 331 331 331 331 331 331 331 331 331 331 331 331 331 
331 331 331 331 331 331 331 331 331 331 331 331 331 342 391 392 391 392 341 331 331 331 343 331 331 331 331 331 331 331 331 331 331 331 331 331 331 338 327 327 388 337 331 331 331 331 331 331 331 331 331 331 331 331 331 331 331 331 338 327 327 327 327 327 327 327 327 327 334 336 336 336 336 336 336 336 336 335 327 327 390 390 327 388 327 341 331 331 331 331 331 331 331 331 331 331 331 331 331 331 
331 331 331 331 331 331 331 331 331 331 331 331 331 342 392 391 391 341 331 331 331 331 331 331 331 331 331 331 331 331 331 331 331 331 331 331 331 338 327 327 327 337 331 331 331 331 331 331 331 331 331 331 331 331 331 331 331 331 331 342 327 327 327 327 327 327 390 327 344 333 333 333 333 333 333 333 333 345 327 327 327 327 327 327 327 337 331 331 331 331 331 331 331 331 331 331 331 331 331 331 
331 331 331 331 331 331 331 331 331 331 331 331 331 342 394 393 341 331 331 331 331 331 331 331 331 331 331 331 331 331 331 331 331 331 331 331 331 338 327 390 327 337 331 331 331 331 331 331 331 331 331 331 331 331 331 331 331 331 331 338 327 327 388 327 327 327 388 327 344 333 333 333 333 333 333 333 333 345 327 327 327 327 390 327 327 337 331 331 331 331 331 331 331 331 331 331 331 331 331 331 
331 331 331 331 331 331 331 331 331 331 331 331 331 335 327 327 334 331 331 331 331 331 331 331 331 331 331 331 331 331 331 331 331 331 331 331 331 338 390 327 327 337 331 331 331 331 331 331 331 331 331 331 331 331 331 331 331 331 331 338 327 327 327 327 390 327 327 327 330 329 332 329 332 329 332 332 332 328 327 327 388 327 327 327 327 337 331 331 331 331 331 331 331 331 331 331 331 331 331 331 
331 331 331 331 331 331 331 331 331 331 331 331 338 345 387 388 344 339 331 331 331 331 331 331 331 331 331 331 331 331 331 331 331 331 331 331 331 338 327 327 327 337 331 331 331 331 331 331 331 331 331 331 331 331 331 331 331 331 331 331 343 342 327 327 327 327 390 327 327 327 388 327 327 327 390 327 327 327 327 327 327 390 327 327 327 337 331 331 331 331 331 331 331 331 331 331 331 331 331 331 
331 331 331 331 331 331 331 331 331 331 331 331 331 343 342 388 341 331 331 331 331 331 331 331 331 331 331 331 331 331 331 331 331 331 331 331 331 338 327 327 327 337 331 331 331 331 331 331 331 331 331 331 331 331 331 331 331 331 331 331 331 338 327 388 327 327 327 327 390 327 327 327 327 327 327 327 327 390 327 327 327 327 388 327 327 337 331 331 331 331 331 331 331 331 331 331 331 331 331 331 
331 331 331 331 331 331 331 331 331 331 331 331 331 331 331 343 331 331 331 331 331 331 331 331 331 331 331 331 331 331 331 331 331 331 331 331 331 338 327 327 327 337 331 331 331 331 331 331 331 331 331 331 331 331 331 331 331 331 331 331 331 338 327 327 327 327 327 327 327 327 327 327 327 388 327 327 327 327 327 327 327 327 327 327 327 337 331 331 331 331 331 331 331 331 331 331 331 331 331 331 
331 331 331 331 331 331 331 331 331 331 331 331 331 331 331 331 331 331 331 331 331 331 331 331 331 331 331 331 331 331 331 331 331 331 331 331 331 343 343 343 343 331 331 331 331 331 331 331 331 331 331 331 331 331 331 331 331 331 331 331 331 331 343 343 343 343 343 343 343 343 343 343 343 343 343 343 343 343 343 343 343 343 343 343 343 331 331 331 331 331 331 331 331 331 331 331 331 331 331 331 
331 331 331 331 331 331 331 331 331 331 331 331 331 331 331 331 331 331 331 331 331 331 331 331 331 331 331 331 331 331 331 331 331 331 331 331 331 331 331 331 331 331 331 331 331 331 331 331 331 331 331 331 331 331 331 331 331 331 331 331 331 331 331 331 331 331 331 331 331 331 331 331 331 331 331 331 331 331 331 331 331 331 331 331 331 331 331 331 331 331 331 331 331 331 331 331 331 331 331 331 
331 331 331 331 331 331 331 331 331 331 331 331 331 331 331 331 331 331 331 331 331 331 331 331 331 331 331 331 331 331 331 331 331 331 331 331 331 331 331 331 331 331 331 331 331 331 331 331 331 331 331 331 331 331 331 331 331 331 331 331 331 331 331 331 331 331 331 331 331 331 331 331 331 331 331 331 331 331 331 331 331 331 331 331 331 331 331 331 331 331 331 331 331 331 331 331 331 331 331 331 
331 331 331 331 331 331 331 331 331 331 331 331 331 331 331 331 331 331 331 331 331 331 331 331 331 331 331 331 331 331 331 331 331 331 331 331 331 331 331 331 331 331 331 331 331 331 331 331 331 331 331 331 331 331 331 331 331 331 331 331 331 331 331 331 331 331 331 331 331 331 331 331 331 331 331 331 331 331 331 331 331 331 331 331 331 331 331 331 331 331 331 331 331 331 331 331 331 331 331 331 
331 331 331 331 331 331 331 331 331 331 331 331 331 331 331 331 331 331 331 331 331 331 331 331 331 331 331 331 331 331 331 331 331 331 331 331 331 331 331 331 331 331 331 331 331 331 331 331 331 331 331 331 331 331 331 331 331 331 331 331 331 331 331 331 331 331 331 331 331 331 331 331 331 331 331 331 331 331 331 331 331 331 331 331 331 331 331 331 331 331 331 331 331 331 331 331 331 331 331 331 
331 331 331 331 331 331 331 331 331 331 331 331 331 331 331 331 331 331 331 331 331 331 331 331 331 331 331 331 331 331 331 331 331 331 331 331 331 331 331 331 331 331 331 331 331 331 331 331 331 331 331 331 331 331 331 331 331 331 331 331 331 331 331 331 331 331 331 331 331 331 331 331 331 331 331 331 331 331 331 331 331 331 331 331 331 331 331 331 331 331 331 331 331 331 331 331 331 331 331 331 
331 331 331 331 331 331 331 331 331 331 331 331 331 331 331 331 331 331 331 331 331 331 331 331 331 331 331 331 331 331 331 331 331 331 331 331 331 331 331 331 331 331 331 331 331 331 331 331 331 331 331 331 331 331 331 331 331 331 331 331 331 331 331 331 331 331 331 331 331 331 331 331 331 331 331 331 331 331 331 331 331 331 331 331 331 331 331 331 331 331 331 331 331 331 331 331 331 331 331 331 
331 331 331 331 331 331 331 331 331 331 331 331 331 331 331 331 331 331 331 331 331 331 331 331 331 331 331 331 331 331 331 331 331 331 331 331 331 331 331 331 331 331 331 331 331 331 331 331 331 331 331 331 331 331 331 331 331 331 331 331 331 331 331 331 331 331 331 331 331 331 331 331 331 331 331 331 331 331 331 331 331 331 331 331 331 331 331 331 331 331 331 331 331 331 331 331 331 331 331 331 
331 331 331 331 331 331 331 331 331 331 331 331 331 331 331 331 331 331 331 331 331 331 331 331 331 331 331 331 331 331 331 331 331 331 331 331 331 331 331 331 331 331 331 331 331 331 331 331 331 331 331 331 331 331 331 331 331 331 331 331 331 331 331 331 331 331 331 331 331 331 331 331 331 331 331 331 331 331 331 331 331 331 331 331 331 331 331 331 331 331 331 331 331 331 331 331 331 331 331 331 
331 331 331 331 331 331 331 331 331 331 331 331 331 331 331 331 331 331 331 331 331 331 331 331 331 331 331 331 331 331 331 331 331 331 331 331 331 331 331 331 331 331 331 331 331 331 331 331 331 331 331 331 331 331 331 331 331 331 331 331 331 331 331 331 331 331 331 331 331 331 331 331 331 331 331 331 331 331 331 331 331 331 331 331 331 331 331 331 331 331 331 331 331 331 331 331 331 331 331 331 
