54 54 54 54 54 54 54 54 54 54 54 227 206 206 206 206 206 206 206 206 206 206 206 206 326 206 206 206 206 206 206 206 206 206 206 206 206 206 206 326 206 206 206 206 206 206 206 206 206 206 206 206 206 206 206 206 206 206 206 322 206 206 206 206 326 206 326 206 206 206 206 206 206 206 206 324 324 206 206 206 206 206 206 206 206 206 206 206 206 206 206 206 206 206 206 206 206 206 206 206 
54 54 54 54 54 54 54 54 54 54 54 227 206 326 206 206 206 206 206 206 206 322 206 206 206 206 206 326 206 206 206 206 206 322 206 206 325 206 206 206 206 206 323 206 206 206 323 206 206 206 206 326 206 206 322 206 206 206 206 206 206 206 206 206 206 206 206 206 206 206 322 206 324 206 206 206 206 206 206 206 206 206 206 206 206 206 324 206 206 206 206 206 324 206 206 326 206 206 206 206 
54 54 54 54 54 54 54 54 54 54 54 227 206 206 206 206 206 206 206 206 206 206 206 206 206 206 206 206 206 206 206 325 206 206 206 206 326 206 206 206 206 206 206 206 206 206 206 206 322 206 206 323 206 206 206 206 322 206 206 206 322 206 206 206 206 206 322 206 206 206 206 206 206 326 206 206 206 206 326 206 324 206 206 206 326 206 206 206 206 326 206 206 206 206 206 206 206 206 206 324 
54 54 54 54 54 54 54 54 54 54 54 227 206 206 206 206 206 206 206 206 206 326 206 206 206 206 206 322 206 206 326 206 206 206 322 206 206 206 323 206 325 206 206 206 323 206 323 206 206 206 206 206 206 206 206 206 206 206 206 206 206 206 206 206 206 206 206 206 206 206 206 206 206 324 206 206 206 206 206 206 206 206 206 206 206 206 206 206 206 206 206 206 206 206 206 206 324 206 206 206 
54 54 54 54 54 54 54 54 54 54 54 227 206 206 206 206 206 206 206 206 206 206 206 206 325 206 206 206 206 206 206 206 206 206 206 206 206 206 206 206 206 206 206 206 206 206 206 206 206 206 206 206 206 323 206 206 322 206 206 206 206 326 206 206 206 206 206 206 324 206 206 206 206 206 206 206 324 206 206 206 206 206 206 206 206 206 206 206 206 206 206 324 206 206 206 206 206 206 206 206 
54 54 54 54 54 54 54 54 54 54 54 219 219 208 219 219 219 219 219 219 219 208 219 219 219 219 219 219 219 219 219 208 219 219 219 219 208 219 219 219 219 219 219 219 208 219 219 219 208 208 219 219 219 219 219 219 219 219 219 219 219 219 219 219 208 219 219 219 219 219 219 219 208 219 219 219 219 219 219 219 219 219 208 219 219 219 219 208 219 219 219 206 206 206 206 324 206 326 206 206 
54 54 54 54 54 54 54 54 54 54 54 224 224 224 224 224 224 224 224 224 224 224 224 224 224 224 224 224 224 224 224 224 224 224 224 224 224 224 224 224 224 224 224 224 224 224 224 224 224 224 224 224 224 224 224 224 224 224 224 224 224 224 224 224 224 224 224 224 224 224 224 224 224 224 224 224 224 224 224 224 224 224 224 224 224 224 224 224 224 224 224 227 206 206 206 206 206 206 206 206 
54 54 54 54 54 54 54 54 54 54 54 224 224 224 224 224 224 224 224 224 224 224 224 224 209 209 209 224 224 224 224 224 224 209 224 224 224 224 224 224 224 209 209 209 209 224 224 224 224 209 209 224 224 224 224 224 224 224 224 224 224 209 209 224 224 224 224 224 224 224 224 224 224 224 224 224 224 224 224 209 209 209 209 209 224 224 224 224 224 224 224 217 208 219 219 219 219 219 219 222 
54 54 54 54 54 54 54 54 54 54 54 224 224 209 224 224 224 224 224 209 224 224 224 224 211 211 211 224 224 209 224 224 224 211 224 224 21 224 224 224 224 211 211 211 211 224 209 224 224 214 214 224 224 224 224 224 224 224 224 224 224 211 211 209 224 224 224 224 224 224 209 224 224 224 224 224 224 224 224 211 211 211 211 211 211 224 224 224 224 224 224 224 224 224 224 224 224 224 224 224 
54 54 54 54 54 54 54 54 54 54 54 212 212 206 212 212 212 212 212 206 212 212 212 212 212 212 212 212 212 206 212 212 212 212 212 212 206 212 212 212 212 212 212 212 212 212 206 212 212 212 212 212 212 212 212 212 212 212 212 212 212 212 212 206 212 212 212 212 212 212 206 212 212 212 212 212 212 212 212 212 212 212 212 212 212 212 212 212 212 212 224 224 209 224 224 224 224 224 224 224 
54 54 54 54 54 54 54 54 54 54 54 227 206 206 326 206 206 206 206 206 206 324 206 206 206 206 206 206 206 206 206 206 206 326 206 206 206 206 206 206 206 206 206 206 151 155 155 155 155 155 155 155 155 155 155 155 155 155 155 155 155 155 155 154 206 206 206 206 206 206 206 206 151 155 155 155 155 155 155 155 155 155 155 155 155 155 155 155 154 206 212 212 206 212 212 212 212 212 212 319 
54 54 54 54 54 54 54 54 54 54 54 227 206 206 206 206 206 206 206 326 206 206 206 206 206 206 206 324 324 206 206 206 206 206 206 206 206 206 206 206 206 206 206 206 157 135 251 251 264 265 264 265 264 265 264 265 264 265 264 203 251 150 150 153 206 324 206 206 326 206 206 206 157 135 251 251 245 245 246 247 248 247 245 248 246 246 248 135 158 206 206 206 206 206 206 206 206 206 206 319 
54 54 54 54 54 54 54 54 54 54 54 227 206 206 206 206 206 206 206 206 206 206 206 206 206 206 206 206 206 206 206 206 206 206 206 206 206 206 206 206 206 206 206 206 157 135 251 251 265 264 265 264 265 264 265 264 265 264 265 251 203 150 158 206 206 206 206 206 206 206 206 206 157 135 250 250 246 247 248 247 247 245 245 246 248 246 248 135 158 206 206 206 206 206 206 206 206 206 206 319 
54 54 54 54 54 54 54 54 54 54 54 227 206 206 206 206 206 206 206 206 206 206 206 324 206 206 206 206 206 206 206 206 206 206 206 206 206 206 206 206 206 206 206 206 157 135 172 251 264 265 264 265 264 265 264 265 264 265 264 205 251 150 158 206 206 206 206 206 206 206 322 206 157 135 251 249 247 248 247 248 248 248 246 245 246 248 246 135 158 206 206 206 326 206 206 206 206 206 206 318 
54 54 54 54 54 54 54 54 54 54 54 227 206 206 196 172 172 172 172 172 172 172 206 206 206 206 206 206 206 206 206 206 206 206 206 206 206 206 206 206 206 206 206 206 157 135 251 205 265 264 265 264 265 264 265 264 265 264 265 251 198 150 158 206 206 206 206 206 206 206 324 206 157 135 249 251 248 245 247 245 247 245 247 245 245 247 245 135 158 206 206 206 206 206 206 206 206 206 206 318 
54 54 54 54 54 54 54 54 54 54 54 227 206 206 172 196 172 172 172 172 172 172 206 206 206 326 206 206 206 324 206 206 206 206 206 206 326 206 206 206 206 206 206 206 157 135 251 251 264 265 264 265 264 265 264 265 264 265 264 251 251 135 161 206 206 206 326 206 206 206 206 206 157 135 251 251 245 247 245 247 245 247 245 247 247 245 247 135 158 206 206 206 206 206 206 206 206 206 206 318 
54 54 54 54 54 54 54 54 54 54 54 227 206 206 172 195 172 172 172 172 172 172 206 206 206 206 206 206 206 206 206 206 206 206 206 206 206 206 206 206 206 206 206 206 157 135 251 172 316 315 316 315 316 315 316 315 316 315 316 205 251 135 161 206 206 206 206 206 206 206 206 206 157 135 251 251 250 251 250 251 250 251 251 250 251 251 250 135 158 206 206 206 206 206 206 206 206 206 326 318 
54 54 54 54 54 54 54 54 54 54 54 227 206 206 172 172 172 172 172 172 172 172 206 206 206 206 206 206 206 206 206 206 206 206 206 206 206 206 206 206 206 206 206 206 157 135 251 251 251 195 251 251 251 251 251 196 251 251 251 251 199 135 160 206 324 206 206 206 206 206 206 206 157 135 251 251 250 251 251 250 251 251 251 251 251 251 251 135 158 206 206 206 206 206 206 206 206 206 206 319 
54 54 54 54 54 54 54 54 54 54 54 227 206 206 195 172 172 172 172 172 172 197 206 206 206 206 324 206 206 206 206 206 206 206 206 206 206 206 206 206 206 206 206 206 157 135 135 135 135 135 135 135 135 135 135 135 135 135 135 135 135 135 161 206 206 206 206 322 206 206 206 206 157 135 135 135 135 135 135 135 150 150 150 150 135 135 150 135 158 206 206 206 206 206 206 206 206 206 206 319 
54 54 54 54 54 54 54 54 54 54 54 227 206 206 172 172 172 172 172 196 172 172 206 206 206 206 206 206 206 206 206 206 206 206 326 206 206 206 206 206 206 206 206 206 157 135 135 135 135 135 135 135 135 135 135 135 135 135 135 135 135 135 160 206 206 206 206 206 206 326 206 206 152 162 135 135 161 162 161 135 135 150 150 150 135 135 150 150 158 206 206 206 206 206 206 206 206 206 206 319 
54 54 54 54 54 54 54 54 54 54 54 227 206 206 172 172 172 172 172 172 172 172 206 206 206 206 206 206 206 322 206 206 206 206 206 206 206 206 206 206 206 206 206 206 152 156 162 135 135 135 135 135 135 135 135 135 135 135 135 135 135 135 161 206 206 206 206 206 206 206 206 206 206 206 162 161 159 160 206 162 135 135 161 162 161 162 156 156 153 206 206 206 206 206 206 326 206 206 206 319 
54 54 54 54 54 54 54 54 54 54 54 227 206 206 206 206 206 206 206 206 206 206 324 206 206 206 206 206 206 206 206 206 206 206 206 206 206 206 206 206 326 206 206 206 206 206 157 135 135 161 156 156 162 135 135 135 135 161 162 161 162 161 206 206 206 206 206 206 206 206 206 206 322 206 151 155 135 150 161 160 162 161 206 206 206 206 206 206 206 206 206 206 206 206 206 206 206 206 206 319 
54 54 54 54 54 54 54 54 54 54 54 227 206 206 206 206 206 206 206 206 206 206 206 206 206 206 206 206 326 206 206 206 206 206 206 206 206 206 206 206 206 206 206 206 206 206 152 156 162 153 206 206 206 162 135 135 161 206 206 206 206 206 206 206 206 206 206 206 206 206 206 206 206 206 157 150 135 175 163 163 180 170 180 163 180 167 163 167 163 163 180 167 206 206 206 206 206 206 206 318 
54 54 54 54 54 54 54 54 54 54 54 227 206 206 326 206 206 206 206 206 206 206 206 206 206 206 206 206 206 206 206 206 206 206 206 206 206 206 206 206 206 206 206 206 206 206 206 206 206 206 206 206 206 206 162 161 206 206 206 206 267 272 272 272 272 272 272 272 272 272 268 206 206 206 157 150 150 177 183 163 167 163 163 163 167 167 163 163 163 167 163 163 206 206 206 206 206 326 206 318 
54 54 54 54 54 54 54 54 54 54 54 227 206 206 206 322 206 206 206 206 206 206 206 206 206 206 206 206 206 206 206 206 206 206 206 206 206 206 206 206 206 206 206 206 206 206 206 206 206 206 206 206 206 206 206 206 206 206 326 206 279 281 282 281 282 281 281 282 281 281 280 206 206 206 157 150 150 177 167 308 308 308 308 308 308 308 308 308 308 308 170 163 206 206 206 206 206 206 206 318 
54 54 54 54 54 54 54 54 54 54 54 227 206 206 206 206 206 206 206 206 206 206 206 206 206 206 206 206 206 206 206 206 326 206 206 206 206 206 206 206 206 206 206 206 322 206 206 206 206 206 206 206 206 206 206 206 206 206 206 206 279 282 281 281 281 282 281 281 281 281 280 206 206 206 157 150 150 167 178 308 308 308 308 308 308 308 308 308 308 308 163 163 206 206 206 206 206 206 206 318 
54 54 54 54 54 54 54 54 54 54 54 227 206 206 206 206 206 206 206 206 206 206 206 206 206 206 322 206 206 206 206 206 206 206 206 206 206 206 206 206 206 206 206 206 206 206 206 206 206 325 206 206 206 206 206 206 206 206 206 206 279 281 281 281 281 282 281 281 281 281 280 206 206 206 157 150 150 178 178 308 308 308 308 308 310 311 308 308 308 308 163 170 206 206 206 322 206 206 206 318 
54 54 54 54 54 54 54 54 54 54 54 227 206 206 206 206 206 206 206 206 206 206 206 206 206 206 206 206 206 206 206 206 206 206 206 206 206 206 206 206 206 206 206 206 206 206 206 206 206 206 206 206 206 206 206 206 206 206 206 206 279 281 281 281 281 281 281 281 281 281 280 206 206 206 157 150 150 163 170 308 308 310 310 308 308 314 310 308 308 308 163 163 206 206 206 206 206 206 206 319 
54 54 54 54 54 54 54 54 54 54 54 227 206 206 206 206 206 206 206 206 206 326 206 206 206 206 206 206 206 206 206 206 206 206 206 206 206 206 206 206 206 206 206 206 206 206 206 325 206 206 206 206 206 206 206 206 206 206 206 206 276 282 273 273 273 273 273 273 273 273 320 151 154 206 157 150 150 170 164 308 308 308 308 308 308 312 311 308 308 308 163 163 206 206 206 206 206 206 206 318 
54 54 54 54 54 54 54 54 54 54 54 227 206 206 206 206 206 206 206 206 206 206 206 206 206 206 206 206 206 325 206 206 206 206 206 206 206 326 206 206 322 206 206 206 206 206 206 206 206 206 206 206 206 206 206 206 206 206 206 206 206 206 206 206 206 206 206 206 206 206 206 152 153 206 157 150 150 177 163 308 308 308 308 308 308 308 308 308 308 308 163 164 206 206 206 206 206 206 206 319 
54 54 54 54 54 54 54 54 54 54 54 227 326 206 206 206 206 206 206 206 206 206 206 206 206 206 206 206 206 206 206 206 206 206 206 206 206 206 206 206 206 206 206 206 206 206 206 206 206 206 206 206 206 326 206 206 206 206 206 206 206 206 206 206 206 206 206 206 325 206 206 206 206 206 157 150 150 177 163 308 308 309 308 308 308 308 308 314 311 308 164 163 206 206 206 206 206 206 206 318 
54 54 54 54 54 54 54 54 54 54 54 227 206 206 206 206 206 324 206 206 206 206 206 206 206 324 206 206 206 206 206 206 206 206 206 206 206 206 206 206 206 206 206 206 206 206 206 206 206 322 206 206 206 206 206 206 206 206 206 206 206 206 206 206 206 206 206 206 206 206 206 206 206 206 157 150 150 177 163 308 308 308 309 309 308 308 308 308 308 308 164 163 206 206 206 206 206 206 206 319 
54 54 54 54 54 54 54 54 54 54 54 227 206 206 206 206 206 206 206 206 206 206 206 206 206 206 206 206 324 206 206 206 206 206 206 206 206 206 206 206 206 206 206 206 325 206 206 206 206 206 206 206 206 206 206 206 206 206 206 206 206 206 206 206 206 206 206 206 206 206 206 206 206 206 157 150 150 163 163 308 308 308 310 311 308 308 309 308 308 308 163 163 206 322 206 206 206 326 206 318 
54 54 54 54 54 54 54 54 54 54 54 227 206 206 206 206 206 206 206 206 206 206 206 206 206 206 206 206 206 206 206 206 206 206 206 206 206 206 206 206 206 206 206 206 206 206 206 206 206 206 206 206 206 206 206 206 206 206 206 206 326 206 206 206 206 206 206 206 206 206 206 325 206 206 157 150 150 177 163 308 308 308 308 309 308 310 308 308 308 308 163 163 206 206 206 206 206 206 206 318 
54 54 54 54 54 54 54 54 54 54 54 227 206 206 206 206 206 206 206 206 206 206 206 206 206 206 206 206 206 206 206 206 206 324 206 206 206 206 206 206 322 206 206 206 206 206 206 206 206 206 206 206 206 206 206 206 206 206 206 206 206 206 206 206 206 206 206 206 206 206 206 326 206 206 157 150 150 177 163 308 314 313 308 308 308 308 308 308 308 308 163 164 206 206 206 324 206 206 206 319 
54 54 54 54 54 54 54 54 54 54 54 227 206 206 206 206 206 206 206 206 206 206 206 206 206 206 206 206 206 206 206 206 206 206 206 206 206 206 206 206 206 206 206 206 206 206 206 206 206 206 206 206 206 206 206 206 206 206 206 206 206 206 206 206 206 206 206 206 206 206 206 206 206 206 157 150 150 166 184 308 308 308 308 308 308 308 308 308 308 308 163 179 206 206 206 206 206 206 206 319 
54 54 54 54 54 54 54 54 54 54 54 227 206 206 206 326 241 241 241 241 241 241 241 241 241 241 241 241 241 241 241 241 241 241 241 241 241 241 241 241 241 241 241 241 241 241 206 206 206 206 206 206 206 206 206 206 206 206 206 206 206 206 206 206 206 206 206 206 206 206 206 206 206 206 157 150 150 163 184 308 308 308 313 313 308 308 308 308 312 311 164 179 206 206 206 206 206 206 206 319 
54 54 54 54 54 54 54 54 54 54 54 227 206 206 206 206 241 242 241 241 241 241 241 242 242 242 242 241 242 242 242 241 241 242 242 242 242 242 242 241 241 241 241 242 242 241 206 206 151 155 155 155 155 155 155 155 155 155 155 155 155 155 155 155 155 155 155 155 155 155 155 155 155 155 159 150 150 177 163 308 308 308 308 308 308 312 310 308 308 308 179 164 206 206 206 322 206 206 206 319 
54 54 54 54 54 54 54 54 54 54 54 227 206 206 206 206 241 241 241 242 242 241 241 241 241 241 242 242 241 242 242 241 241 241 241 241 241 241 241 242 242 242 242 241 241 242 206 206 157 150 150 150 150 150 150 150 150 150 150 150 150 150 150 150 150 150 150 150 150 150 150 150 150 150 150 150 150 163 166 298 308 308 308 308 308 308 308 308 308 308 163 163 206 206 206 206 206 206 206 318 
54 54 54 54 54 54 54 54 54 54 54 227 206 206 206 206 241 241 241 241 241 241 241 241 241 241 241 241 241 241 242 241 241 242 241 244 244 244 244 244 241 244 241 241 241 242 206 206 157 150 161 156 156 156 156 156 156 156 156 156 156 156 156 156 156 156 156 156 156 156 156 156 156 156 156 156 161 163 183 163 163 163 163 178 163 163 163 163 163 163 183 164 206 206 206 206 206 206 206 319 
54 54 54 54 54 54 54 54 54 54 54 227 322 206 206 206 241 241 242 244 244 241 241 241 242 242 242 244 244 244 241 241 241 241 242 241 242 241 241 244 244 244 241 241 241 241 206 206 157 135 158 206 206 206 206 206 206 206 206 206 206 206 206 206 206 206 206 206 206 206 206 206 206 206 206 206 159 163 184 184 163 163 163 166 163 184 163 163 163 163 184 181 206 206 206 206 206 206 206 319 
54 54 54 54 54 54 54 54 54 54 54 227 206 206 206 206 241 242 244 242 244 244 242 242 242 244 241 241 241 242 241 241 241 241 242 242 241 241 242 242 242 242 242 242 244 244 206 206 157 135 158 206 206 206 206 206 206 206 206 206 324 206 206 206 206 206 206 206 326 206 206 206 206 206 206 322 162 161 162 161 162 161 162 161 162 161 162 161 162 161 162 161 206 206 206 206 206 206 206 318 
54 54 54 54 54 54 54 54 54 54 54 227 206 206 206 206 242 241 244 241 241 241 242 241 241 241 241 241 241 242 241 241 241 242 244 241 241 241 242 241 242 242 242 241 241 244 206 206 157 135 158 206 206 324 206 206 206 206 206 206 206 206 206 322 206 206 206 206 206 206 206 206 206 206 206 206 206 206 206 326 206 206 206 206 206 206 206 206 206 324 206 206 206 206 206 206 206 206 206 319 
54 54 54 54 54 54 54 54 54 54 54 227 206 206 206 206 242 241 242 242 242 242 241 241 244 241 241 241 241 242 242 241 241 242 244 242 244 242 241 241 241 242 242 241 242 242 206 206 157 135 158 206 206 206 206 326 206 206 206 206 206 206 206 206 206 206 206 206 206 206 206 206 206 206 206 206 206 206 206 206 206 206 206 206 206 206 206 206 206 206 206 206 322 206 206 206 206 206 206 318 
54 54 54 54 54 54 54 54 54 54 54 227 324 206 206 206 242 241 242 242 242 244 241 244 244 241 241 241 241 242 242 242 241 242 241 241 241 242 241 241 241 241 241 241 242 241 206 206 157 135 158 206 206 206 206 206 206 206 206 206 206 206 206 206 206 206 206 324 206 206 206 206 206 206 206 206 206 206 206 206 324 206 206 206 206 326 206 206 206 206 206 206 206 206 206 206 206 206 206 318 
54 54 54 54 54 54 54 54 54 54 54 227 206 206 206 206 241 242 241 241 241 244 241 242 244 241 241 241 242 242 242 241 241 241 241 244 244 241 244 242 242 241 242 244 242 241 206 206 157 135 158 206 206 206 206 206 206 206 206 206 206 206 206 206 326 206 206 206 206 206 206 206 206 206 206 206 326 206 206 206 206 206 206 206 206 206 206 206 206 206 206 206 206 206 206 206 206 326 206 319 
54 54 54 54 54 54 54 54 54 54 54 227 206 206 206 206 241 242 241 241 241 241 241 242 241 241 241 241 242 242 241 241 241 241 242 241 242 242 244 242 244 244 242 241 241 241 206 206 157 135 158 206 206 206 206 325 206 206 206 206 206 206 206 206 206 206 206 206 206 206 206 206 206 206 206 206 206 206 206 206 206 206 206 206 206 206 206 206 206 206 206 206 324 206 206 206 206 206 206 318 
54 54 54 54 54 54 54 54 54 54 54 227 326 206 206 206 241 243 241 243 243 241 241 241 241 241 242 241 241 243 241 241 244 243 243 241 241 241 243 243 241 244 241 242 244 241 206 206 157 135 158 206 322 206 206 206 206 206 206 206 206 325 206 206 206 206 206 206 206 206 206 206 206 206 206 206 206 206 206 206 206 206 206 206 206 206 324 206 206 206 206 206 206 206 206 206 206 206 206 318 
54 54 54 54 54 54 54 54 54 54 54 227 206 206 206 206 241 241 241 241 243 243 241 241 243 243 241 241 241 243 241 243 244 244 244 244 243 243 242 242 242 244 241 241 241 244 206 206 157 135 158 206 206 206 206 206 206 206 206 206 324 206 206 206 206 206 206 67 67 206 206 206 206 206 206 206 206 206 206 206 69 206 206 206 206 206 206 206 206 322 206 206 206 206 206 206 206 206 206 319 
54 54 54 54 54 54 54 54 54 54 54 227 206 206 206 206 241 241 243 241 241 241 243 243 241 243 243 243 243 241 241 241 241 241 241 241 241 243 243 244 243 243 243 241 244 244 206 206 157 135 158 206 206 206 206 206 206 206 206 206 206 206 206 206 206 71 71 69 70 70 70 70 70 70 70 62 65 64 68 69 70 70 70 70 70 70 70 206 206 206 206 206 206 206 206 324 326 206 206 318 
54 54 54 54 54 54 54 54 54 54 54 227 206 206 206 206 241 243 241 241 241 241 241 241 241 241 241 243 241 241 241 241 241 241 242 241 243 241 241 241 243 241 243 241 243 244 206 206 157 135 158 206 206 206 206 206 206 324 206 206 206 206 206 206 206 28 14 15 16 32 51 15 51 15 51 15 51 15 51 15 15 51 15 51 15 52 70 206 206 206 324 206 206 206 206 206 206 206 206 318 
54 54 54 54 54 54 54 54 54 54 54 227 322 206 206 206 241 243 241 241 241 241 243 241 243 241 241 243 243 241 241 241 241 244 242 244 243 241 242 241 241 241 243 243 243 244 206 206 157 135 158 206 206 206 206 206 206 206 206 206 206 206 206 206 206 28 53 18 13 13 8 8 9 8 0 0 0 0 0 0 0 0 0 0 0 55 70 206 206 206 206 206 206 206 206 206 206 206 206 319 
54 54 54 54 54 54 54 54 54 54 54 227 206 206 206 326 241 241 241 243 243 241 241 241 241 243 241 241 243 241 241 241 241 244 241 242 244 244 242 244 244 244 243 244 241 241 206 206 157 135 158 206 206 206 206 206 206 206 206 206 206 206 206 206 206 28 17 22 13 18 0 9 8 8 48 0 1 0 18 0 0 13 0 0 0 19 70 326 206 206 206 322 206 206 206 206 206 206 206 319 
54 54 54 54 54 54 54 54 54 54 54 227 206 206 206 206 241 241 241 241 241 241 241 241 241 241 243 243 243 241 241 241 241 241 241 241 241 241 241 243 243 241 243 243 243 241 206 206 157 135 158 206 206 326 206 206 206 206 206 206 206 325 206 206 206 28 61 40 18 0 0 2 0 0 44 0 0 0 0 0 0 0 43 48 0 55 70 206 206 206 206 206 206 206 206 322 206 206 206 318 
54 54 54 54 54 54 54 54 54 54 54 227 326 206 206 206 241 241 241 241 241 241 241 241 241 241 241 241 241 241 241 241 241 241 241 243 243 241 241 241 241 241 241 243 241 243 206 206 157 135 158 206 206 206 206 206 206 206 206 206 206 206 206 206 206 70 17 0 0 18 0 8 0 49 41 0 24 26 0 13 0 0 0 61 26 55 70 206 206 206 206 206 206 206 206 206 206 206 206 318 
54 54 54 54 54 54 54 54 54 54 54 227 206 206 206 206 241 242 242 241 241 241 241 241 241 241 241 241 241 241 241 241 243 241 241 243 241 241 243 241 243 241 241 243 243 241 206 206 157 135 158 206 206 206 206 206 206 206 206 206 206 206 206 206 206 70 53 0 2 0 0 0 0 46 0 0 38 40 0 0 0 13 13 0 38 35 70 206 206 206 322 206 206 206 324 206 206 206 206 318 
54 54 54 54 54 54 54 54 54 54 54 227 206 206 206 206 241 242 242 242 242 242 242 242 241 241 244 242 243 243 241 241 243 241 241 243 241 241 241 244 241 243 241 241 241 241 206 206 157 135 158 206 206 206 206 206 206 206 206 206 206 206 206 206 206 28 53 0 0 0 42 0 0 46 0 0 0 0 0 0 13 0 0 0 13 36 70 206 206 206 206 206 206 206 206 206 206 206 206 319 
54 54 54 54 54 54 54 54 54 54 54 227 206 206 206 206 241 244 242 242 241 241 241 243 243 243 243 243 242 241 244 241 241 241 241 241 241 241 243 241 241 241 241 243 243 241 206 206 157 135 158 206 206 206 206 206 206 206 206 206 206 206 206 206 206 28 17 0 0 0 0 0 61 41 0 0 0 0 0 0 0 0 0 0 0 55 64 206 206 206 206 206 206 206 206 206 322 206 206 319 
54 54 54 54 54 54 54 54 54 54 54 227 206 206 206 206 241 244 241 241 241 243 243 243 241 242 241 241 244 241 242 241 241 241 243 241 241 241 243 241 241 241 241 241 241 241 206 206 157 135 158 206 206 206 206 206 206 206 206 206 206 206 206 206 28 28 53 0 60 0 0 63 0 0 0 0 0 13 0 18 0 0 0 0 0 19 70 206 206 206 324 206 206 206 206 206 206 206 206 319 
54 54 54 54 54 54 54 54 54 54 54 227 206 206 206 326 241 243 242 242 243 243 241 241 241 241 242 241 242 242 242 241 241 241 241 244 244 241 241 243 241 241 241 241 241 241 206 206 157 135 158 206 206 206 206 206 206 206 206 206 206 206 206 206 28 70 53 0 0 0 0 0 0 0 0 0 0 0 18 0 0 0 18 0 0 55 70 206 206 206 206 206 206 206 206 206 206 206 206 319 
54 54 54 54 54 54 54 54 54 54 54 227 206 206 206 206 241 241 241 243 244 243 241 241 241 241 241 241 244 241 242 241 243 241 241 244 241 241 243 241 241 241 241 241 241 243 206 206 157 135 158 206 322 206 206 206 206 206 206 206 206 326 206 206 206 70 53 0 0 0 0 0 0 63 0 0 13 0 0 0 18 0 0 0 0 55 70 206 206 206 206 206 206 206 324 206 206 206 206 319 
54 54 54 54 54 54 54 54 54 54 54 227 326 206 322 206 241 243 241 241 241 241 241 242 242 242 243 244 241 241 241 241 241 243 244 243 241 241 243 241 243 241 243 241 244 241 206 206 157 135 158 206 206 206 206 206 206 206 206 206 206 206 206 206 206 69 53 0 0 61 0 0 0 0 0 0 0 0 0 0 13 0 0 0 0 19 64 206 206 206 206 206 206 206 206 206 206 206 206 318 
54 54 54 54 54 54 54 54 54 54 54 227 206 206 206 206 241 242 241 241 241 241 241 241 241 241 241 241 241 241 241 241 241 243 241 241 241 241 241 244 243 241 241 241 243 243 206 206 157 135 158 206 206 206 206 206 206 206 206 206 206 325 206 206 206 70 26 0 0 0 0 0 0 0 0 0 0 0 0 0 0 0 0 0 0 55 70 206 206 206 206 206 206 206 206 206 206 206 206 318 
54 54 54 54 54 54 54 54 54 54 54 227 206 206 206 206 206 206 206 206 206 206 206 206 206 206 206 206 206 206 206 206 206 206 206 206 206 206 206 206 206 206 206 206 206 206 206 206 157 135 158 206 206 206 325 206 206 206 206 206 206 206 206 206 206 70 32 0 0 0 60 0 0 0 0 0 0 0 0 0 0 0 0 0 0 55 70 206 206 322 206 206 206 206 206 206 206 206 206 319 
54 54 54 54 54 54 54 54 54 54 54 227 206 206 206 206 206 206 206 206 206 206 206 206 206 206 206 206 206 206 206 206 206 206 206 206 206 206 206 206 206 206 206 206 206 206 206 206 157 135 158 206 206 206 206 206 206 206 206 206 206 206 206 206 206 70 53 0 60 0 0 33 35 0 0 0 0 0 0 0 0 0 0 0 0 19 64 206 206 206 206 326 206 206 206 206 206 326 206 319 
54 54 54 54 54 54 54 54 54 54 54 227 206 206 206 206 206 206 206 206 206 206 206 206 206 206 206 322 206 206 206 206 326 206 206 206 206 206 206 206 206 206 206 206 206 326 206 206 157 135 158 206 206 206 206 206 206 206 206 206 322 206 206 206 206 69 53 0 0 0 0 30 32 0 0 0 0 0 0 0 0 0 0 0 0 55 70 206 206 206 206 206 206 206 206 206 206 206 206 318 
54 54 54 54 54 54 54 54 54 54 54 227 206 206 206 206 206 206 206 206 206 206 206 206 206 206 206 206 206 206 206 206 206 206 206 206 206 206 206 206 206 206 206 206 206 206 206 206 157 135 158 206 206 206 206 206 206 206 206 206 206 206 206 206 206 70 53 0 0 0 0 0 0 0 0 0 0 0 24 26 0 0 0 0 0 19 64 206 206 206 206 206 206 206 206 206 206 206 206 318 
54 54 54 54 54 54 54 54 54 54 54 227 206 206 206 206 206 206 206 206 206 206 326 206 206 206 206 206 206 206 206 206 206 206 206 206 206 206 206 206 206 206 206 206 206 206 206 206 157 135 158 206 206 206 206 206 206 206 206 206 206 206 206 206 206 69 58 57 57 22 57 57 57 22 57 57 57 24 32 57 22 57 57 57 22 23 70 206 206 206 206 206 206 206 206 206 206 206 206 319 
54 54 54 54 54 54 54 54 54 54 54 227 326 206 206 206 206 206 206 206 206 206 206 206 206 206 206 206 206 206 206 206 206 206 206 206 206 206 206 206 206 206 206 206 206 206 206 206 157 135 158 206 206 206 206 206 206 206 326 206 206 206 206 206 206 70 69 70 69 28 62 70 70 62 70 70 62 70 62 70 65 70 70 65 70 70 64 206 206 206 326 206 206 206 206 324 206 206 206 319 
54 54 54 54 54 54 54 54 54 54 54 227 206 206 206 206 206 206 206 206 322 206 206 206 206 206 206 206 206 206 206 206 206 206 206 206 206 206 206 206 206 206 206 206 206 206 206 206 157 135 158 206 206 206 206 206 206 206 206 206 206 206 206 206 206 206 206 206 206 206 206 206 206 206 206 206 206 206 206 206 206 206 206 206 206 206 206 206 206 206 206 206 206 206 206 206 206 206 206 318 
54 54 54 54 54 54 54 54 54 54 54 227 206 206 206 206 206 206 206 206 206 206 206 206 206 206 206 206 206 206 206 206 206 206 206 206 206 206 326 206 206 206 206 206 206 206 206 206 157 135 158 206 206 206 206 206 206 206 206 206 206 206 206 206 206 206 206 206 206 326 206 206 206 206 206 206 206 206 206 206 206 206 206 206 206 206 206 206 324 206 206 206 206 206 206 206 326 206 206 318 
54 54 54 54 54 54 54 54 54 54 54 227 206 206 206 206 206 206 206 206 206 206 206 206 206 324 206 206 206 206 206 206 206 206 206 206 206 206 206 206 206 206 206 206 206 206 206 206 157 135 158 206 206 206 206 206 206 206 206 206 206 206 206 206 206 206 206 206 206 206 206 206 206 206 206 206 206 206 206 206 206 206 206 206 206 206 206 206 206 206 206 206 206 206 206 206 206 206 206 318 
54 54 54 54 54 54 54 54 54 54 54 227 206 206 206 206 325 206 206 206 206 206 206 206 206 206 206 206 206 206 206 206 206 206 206 206 206 206 206 206 206 206 206 206 206 206 206 206 157 135 158 206 206 206 28 71 69 71 28 206 206 28 70 71 70 71 70 28 206 206 206 28 71 71 71 70 28 206 206 206 206 206 28 28 71 70 71 28 206 206 326 206 206 206 206 206 206 206 206 319 
54 54 54 54 54 54 54 54 54 54 54 227 206 206 206 206 206 206 206 206 206 206 206 206 206 206 206 206 206 206 206 206 206 206 206 206 206 206 206 206 206 206 206 206 206 206 206 206 157 135 158 206 206 206 71 71 71 70 71 28 28 70 71 70 71 70 71 28 206 206 28 70 71 71 321 71 70 28 28 28 28 28 70 71 70 69 70 28 206 28 206 206 206 206 206 206 206 206 206 319 
54 54 54 54 54 54 54 54 54 54 54 227 206 206 206 206 206 206 206 326 206 206 206 206 206 151 155 155 155 155 155 155 155 155 155 155 155 155 155 155 155 155 155 155 155 155 155 155 159 135 158 206 206 326 28 71 70 71 70 71 70 71 70 71 70 69 70 28 28 28 70 71 68 71 71 70 71 70 69 70 71 70 321 70 71 70 71 70 28 69 28 206 325 206 206 206 206 206 206 319 
54 54 54 54 54 54 54 54 54 54 54 227 206 206 206 206 206 206 206 206 206 206 206 206 206 157 150 150 150 135 135 135 135 135 135 135 135 135 135 135 135 135 135 135 135 135 135 135 135 135 158 206 206 206 28 68 71 70 71 70 68 70 71 70 71 70 71 70 71 70 71 70 71 71 70 71 321 71 70 71 70 71 70 69 70 71 70 71 70 71 28 206 206 206 206 206 206 322 206 318 
54 54 54 54 54 54 54 54 54 54 54 227 326 206 206 206 206 206 206 206 206 206 322 206 206 157 150 161 156 156 156 156 156 156 156 156 156 156 156 156 156 156 156 156 156 156 156 156 156 156 153 206 206 206 206 71 28 71 70 71 70 71 321 71 321 71 70 71 68 68 70 71 71 71 68 70 71 70 71 70 71 70 71 70 71 70 71 70 71 70 206 206 206 206 206 206 206 206 206 318 
54 54 54 54 54 54 54 54 54 54 54 227 206 206 206 324 206 206 206 206 206 206 206 206 206 157 150 160 206 206 206 206 206 206 206 206 206 206 206 206 206 322 206 206 206 206 206 206 206 206 206 28 28 28 71 70 71 70 321 70 71 70 71 70 71 70 71 70 71 70 71 70 71 71 70 71 70 71 321 71 70 71 321 71 70 71 69 71 70 71 206 206 206 206 206 206 206 206 206 319 
54 54 54 54 54 54 54 54 54 54 54 227 206 206 206 206 206 206 206 206 206 206 206 206 206 157 150 158 206 206 206 206 206 326 206 206 206 206 206 206 206 28 68 70 71 70 71 28 206 28 71 28 71 70 71 69 70 69 70 71 70 71 70 321 70 71 70 71 70 71 70 71 71 321 71 70 71 70 71 70 71 70 71 70 71 70 71 70 71 69 206 206 206 206 206 206 206 324 206 318 
54 54 54 54 54 54 54 54 54 54 54 227 206 206 206 206 206 206 206 206 206 206 206 206 206 157 135 158 206 206 206 206 206 206 206 206 206 322 206 206 206 28 70 71 70 69 70 71 28 28 70 71 68 71 70 71 70 70 71 69 71 70 71 70 446 70 69 70 71 70 321 70 71 71 70 68 70 71 70 71 70 71 70 71 70 71 321 71 70 28 206 206 206 322 206 206 206 206 206 319 
54 54 54 54 54 54 54 54 54 54 54 227 206 206 206 206 326 206 206 206 206 206 206 206 206 157 135 158 206 206 206 206 206 206 206 206 206 206 206 206 206 206 28 70 71 70 71 70 71 70 71 70 71 70 71 70 70 70 70 71 70 71 70 71 70 71 70 71 70 71 69 71 71 71 71 70 71 70 71 68 71 70 71 69 71 70 28 28 28 28 206 206 206 206 206 206 206 206 322 319 
54 54 54 54 54 54 54 54 54 54 54 227 206 206 206 206 206 206 206 206 206 206 206 206 206 157 135 158 206 206 206 206 206 206 206 206 206 206 206 206 206 206 206 71 68 71 70 71 70 68 70 71 70 69 70 71 70 321 68 71 71 71 71 71 71 71 69 71 69 71 71 71 71 71 70 71 70 71 70 71 70 71 70 71 70 71 28 206 206 206 206 206 206 325 206 206 206 206 206 319 
54 54 54 54 54 54 54 54 54 54 54 227 206 206 206 206 206 206 206 206 206 206 325 206 206 157 135 158 206 206 206 284 284 284 284 287 284 285 284 284 284 284 206 70 71 70 321 70 71 70 71 70 71 70 71 70 71 70 71 71 71 69 71 71 321 71 71 71 71 71 71 69 71 71 68 70 71 70 71 71 70 321 70 71 70 28 206 206 206 206 206 206 206 206 206 322 206 206 206 318 
54 54 54 54 54 54 54 54 54 54 54 227 206 206 206 206 206 322 206 206 206 206 206 206 206 157 135 158 206 206 206 284 286 284 289 284 282 284 284 287 288 286 206 71 70 69 70 71 70 71 70 71 70 71 70 321 70 71 71 71 71 71 71 71 69 71 71 71 71 71 71 71 71 321 70 71 321 71 70 71 70 71 70 71 70 28 28 206 206 206 322 206 206 206 206 206 206 206 206 318 
54 54 54 54 54 54 54 54 54 54 54 227 206 326 206 206 206 206 206 206 206 206 206 206 206 157 135 158 206 206 206 284 284 290 284 284 284 284 284 284 284 284 206 71 70 71 70 71 70 321 70 71 68 71 70 71 68 70 71 71 71 69 71 71 69 71 71 71 69 71 71 71 71 71 71 70 71 70 71 321 71 70 71 70 71 70 28 28 206 206 206 206 206 206 206 206 206 206 206 318 
54 54 54 54 54 54 54 54 54 54 54 227 206 206 206 206 206 206 326 206 206 206 206 206 206 152 156 153 206 206 206 284 284 286 284 284 284 290 287 284 288 288 28 70 68 70 71 70 71 70 71 70 68 70 71 70 70 70 71 71 71 71 71 71 71 71 71 71 71 71 71 69 71 71 71 70 71 70 71 69 71 70 71 71 70 71 71 28 28 28 206 206 206 206 206 324 206 206 206 319 
54 54 54 54 54 54 54 54 54 54 54 227 206 206 206 206 206 206 206 206 206 206 325 206 206 206 206 206 206 326 206 284 284 284 290 284 284 284 284 284 284 284 70 70 70 321 70 70 70 70 70 70 70 70 70 70 70 70 71 321 71 71 71 71 71 71 71 321 71 71 71 71 71 71 70 69 70 71 70 71 28 28 70 71 70 71 70 71 70 28 206 325 206 206 206 206 206 206 206 318 
54 54 54 54 54 54 54 54 54 54 54 227 206 206 206 206 206 206 206 206 206 206 206 206 206 206 206 206 206 206 206 206 206 206 206 206 206 206 206 206 206 206 28 70 70 70 70 69 70 70 70 70 70 70 70 70 70 69 71 71 71 69 71 28 28 28 71 71 69 71 28 28 28 28 71 70 71 70 28 28 28 28 28 28 71 70 71 70 71 28 206 206 206 206 206 206 322 206 206 319 
54 54 54 54 54 54 54 54 54 54 54 227 206 206 206 325 206 206 206 206 206 206 206 326 206 206 206 206 206 206 206 206 206 325 206 206 206 206 206 206 206 322 206 68 70 28 70 70 70 70 321 70 70 69 70 28 28 70 71 71 71 71 28 206 206 206 28 71 71 71 71 71 71 28 28 71 70 71 28 206 206 206 206 28 28 71 70 71 28 207 208 218 218 218 218 218 218 218 218 214 
54 54 54 54 54 54 54 54 54 54 54 227 206 206 206 206 206 206 206 206 206 206 206 206 206 206 206 206 206 206 206 206 206 206 206 206 206 206 325 206 206 206 206 206 28 28 69 70 70 28 70 70 70 70 28 206 206 28 28 28 71 28 28 206 206 206 206 28 71 71 71 71 71 71 71 28 28 28 28 206 206 206 206 206 28 28 28 28 28 228 224 224 224 224 224 224 224 224 224 224 
54 54 54 54 54 54 54 54 54 54 54 216 218 208 218 218 218 218 208 218 218 218 218 218 218 218 218 218 218 208 218 218 218 218 218 218 208 218 218 218 218 218 218 218 218 218 218 218 218 208 218 218 218 218 218 218 219 218 208 218 218 218 218 218 218 218 218 208 218 218 218 218 218 218 218 218 218 218 218 218 218 218 218 218 218 218 218 208 218 222 224 210 224 224 224 224 224 210 224 224 
54 54 54 54 54 54 54 54 54 54 54 211 211 224 211 211 211 211 224 211 211 211 211 211 211 211 211 211 211 224 211 211 211 211 211 211 224 211 211 211 211 211 211 211 211 211 211 211 211 224 211 211 211 211 211 211 211 211 224 211 211 211 211 211 211 211 211 224 211 211 211 211 211 211 211 211 211 211 211 211 211 211 211 211 211 224 224 224 224 211 54 54 54 54 54 54 54 54 54 54 
54 54 54 54 54 54 54 54 54 54 54 224 224 224 224 210 224 224 224 224 210 224 210 210 224 224 224 224 224 224 210 224 224 224 224 224 224 224 210 224 224 224 224 224 224 224 224 224 224 224 224 224 224 224 224 224 224 224 224 224 224 210 224 224 224 224 224 224 224 224 224 224 224 224 224 224 224 224 224 224 224 224 210 224 224 224 224 224 224 224 54 54 54 54 54 54 54 54 54 54 
54 54 54 54 54 54 54 54 54 54 54 213 213 213 213 54 213 213 213 213 54 213 54 54 213 213 213 213 213 213 54 213 213 213 213 213 213 213 54 213 213 213 213 213 213 213 213 213 213 213 213 213 213 213 213 213 213 213 213 213 213 10 213 213 213 213 213 213 213 213 213 213 213 213 213 213 213 213 213 213 213 213 54 213 213 213 213 213 213 213 54 54 54 54 54 54 54 54 54 54 
54 54 54 54 54 54 54 54 54 54 54 54 54 54 54 54 54 54 54 54 54 54 54 54 54 54 54 54 54 54 54 54 54 54 54 54 54 54 54 54 54 54 54 54 10 10 10 10 10 10 54 54 54 54 54 54 54 54 54 54 54 54 54 54 54 54 54 54 54 54 54 54 54 54 54 54 54 54 54 54 54 54 54 54 54 54 54 54 54 54 54 54 54 54 54 54 54 54 54 54 
54 54 54 54 54 54 54 54 54 54 54 54 54 54 54 54 54 54 54 54 54 54 54 54 54 54 54 54 54 54 54 54 54 54 54 54 54 54 54 54 54 54 54 54 54 54 54 54 54 54 54 54 54 54 54 54 54 54 54 54 54 54 54 54 54 54 54 54 54 54 54 54 54 54 54 54 54 54 54 54 54 54 54 54 54 54 54 54 54 54 54 54 54 54 54 54 54 54 54 54 
54 54 54 54 54 54 54 54 54 54 54 54 54 54 54 54 54 54 54 54 54 54 54 54 54 54 54 54 54 54 54 54 54 54 54 54 54 54 54 54 54 54 54 54 54 54 54 54 54 54 54 54 54 54 54 54 54 54 54 54 54 54 54 54 54 54 54 54 54 54 54 54 54 54 54 54 54 54 54 54 54 54 54 54 54 54 54 54 54 54 54 54 54 54 54 54 54 54 54 54 
54 54 54 54 54 54 54 54 54 54 54 54 54 54 54 54 54 54 54 54 54 54 54 54 54 54 54 54 54 54 54 54 54 54 54 54 54 54 54 54 54 54 54 54 54 54 54 54 54 54 54 54 54 54 54 54 54 54 54 54 54 54 54 54 54 54 54 54 54 54 54 54 54 54 54 54 54 54 54 54 54 54 54 54 54 54 54 54 54 54 54 54 54 54 54 54 54 54 54 54 
54 54 54 54 54 54 54 54 54 54 54 54 54 54 54 54 54 54 54 54 54 54 54 54 54 54 54 54 54 54 54 54 54 54 54 54 54 54 54 54 54 54 54 54 54 54 54 54 54 54 54 54 54 54 54 54 54 54 54 54 54 54 54 54 54 54 54 54 54 54 54 54 54 54 54 54 54 54 54 54 54 54 54 54 54 54 54 54 54 54 54 54 54 54 54 54 54 54 54 54 
54 54 54 54 54 54 54 54 54 54 54 54 54 54 54 54 54 54 54 54 54 54 54 54 54 54 54 54 54 54 54 54 54 54 54 54 54 54 54 54 54 54 54 54 54 54 54 54 54 54 54 54 54 54 54 54 54 54 54 54 54 54 54 54 54 54 54 54 54 54 54 54 54 54 54 54 54 54 54 54 54 54 54 54 54 54 54 54 54 54 54 54 54 54 54 54 54 54 54 54 
