65 65 65 65 65 65 65 65 65 65 65 65 65 65 65 65 65 65 65 65 65 65 65 65 65 65 65 65 65 65 65 65 65 65 65 65 65 65 65 65 65 65 65 65 65 65 65 65 65 65 65 65 65 65 65 65 65 65 65 65 65 65 65 65 65 65 65 65 65 65 65 65 65 65 65 65 65 65 65 65 65 65 65 65 65 65 65 65 65 65 65 65 65 65 65 65 65 65 65 65 
65 65 65 65 65 65 65 65 65 65 65 65 65 65 65 65 65 65 65 65 65 65 65 65 65 65 65 65 65 65 65 65 65 65 65 65 65 65 65 65 65 65 65 65 65 65 65 65 65 65 65 65 65 65 65 65 65 65 65 65 65 65 65 65 65 65 65 65 65 65 65 65 65 65 65 65 65 65 65 65 65 65 65 65 65 65 65 65 65 65 65 65 65 65 65 65 65 65 65 65 
65 65 65 65 65 65 65 65 65 65 65 65 65 65 65 65 65 65 65 65 65 65 65 65 65 65 65 65 65 65 65 65 65 65 65 65 65 65 65 65 65 65 65 65 65 65 65 65 65 65 65 65 65 65 65 65 65 65 65 65 65 65 65 65 65 65 65 65 65 65 65 65 65 65 65 65 65 65 65 65 65 65 65 65 65 65 65 65 65 65 65 65 65 65 65 65 65 65 65 65 
65 65 65 65 65 65 65 65 65 65 65 65 65 65 65 65 65 65 65 65 65 65 65 65 65 65 65 65 65 65 65 65 65 65 65 65 65 65 65 65 65 65 65 65 65 65 65 65 65 65 65 65 65 65 65 65 65 65 65 65 65 65 65 65 65 65 65 65 65 65 65 65 65 65 65 65 65 65 65 65 65 65 65 65 65 65 65 65 65 65 65 65 65 65 65 65 65 65 65 65 
65 65 65 65 65 65 65 65 65 65 65 65 65 65 65 65 65 65 65 65 65 65 65 65 65 65 65 65 65 65 65 65 65 65 65 65 65 65 65 65 65 65 65 65 65 65 65 65 65 65 65 65 65 65 65 65 65 65 65 65 65 65 65 65 65 65 65 65 65 65 65 65 65 65 65 65 65 65 65 65 65 65 65 65 65 65 65 65 65 65 65 65 65 65 65 65 65 65 65 65 
65 65 65 65 65 65 65 65 65 65 65 65 65 65 65 65 65 65 65 65 65 65 65 65 65 65 65 65 65 65 65 65 65 65 65 65 65 65 65 65 65 65 65 65 65 65 65 65 65 65 65 65 65 65 65 65 65 65 65 65 65 65 65 65 65 65 65 65 65 65 65 65 65 65 65 65 65 65 65 65 65 65 65 65 65 65 65 65 65 65 65 65 65 65 65 65 65 65 65 65 
65 65 65 65 65 65 65 65 65 65 65 65 65 65 65 65 65 65 65 65 65 65 65 65 65 65 65 65 65 65 65 65 65 65 65 65 65 65 65 65 65 65 65 65 65 65 65 65 65 65 65 65 65 65 65 65 65 65 65 65 65 65 65 65 65 65 65 65 65 65 65 65 65 65 65 65 65 65 65 65 65 65 65 65 65 65 65 65 65 65 65 65 65 65 65 65 65 65 65 65 
65 65 65 65 65 65 65 65 65 65 65 65 65 65 65 65 65 65 65 65 65 65 65 65 65 65 65 65 65 65 65 65 65 101 101 101 101 101 101 101 101 101 101 101 101 101 101 101 101 101 101 101 101 101 101 101 101 65 65 65 65 65 65 65 65 65 65 65 65 65 65 65 65 65 65 65 65 65 65 65 65 65 65 65 65 65 65 65 65 65 65 65 65 65 65 65 65 65 65 65 
65 65 65 65 65 65 65 65 65 65 65 65 65 65 65 65 65 65 65 65 65 65 65 65 65 65 65 65 65 65 65 65 103 125 95 95 95 96 95 95 125 95 95 95 96 95 125 95 95 95 95 95 125 96 95 95 95 105 65 65 65 65 65 65 65 65 65 65 65 65 65 65 65 65 65 65 65 65 65 65 65 65 65 65 65 65 65 65 65 65 65 65 65 65 65 65 65 65 65 65 
65 65 65 65 65 65 65 65 65 65 65 65 65 65 65 65 65 65 65 65 65 65 65 65 65 65 65 65 65 65 65 65 103 119 119 119 130 130 119 124 119 119 119 134 119 119 119 119 119 119 119 119 119 119 130 130 119 105 65 65 65 65 65 65 65 65 65 65 65 65 65 65 65 65 65 65 65 65 65 65 65 65 65 65 65 65 65 65 65 65 65 65 65 65 65 65 65 65 65 65 
65 65 65 65 65 65 65 65 65 65 65 65 65 65 65 65 65 65 65 65 65 65 65 65 65 65 65 65 65 65 65 65 103 114 114 114 114 114 132 114 132 114 114 114 114 132 114 132 114 114 114 132 114 132 114 114 114 105 65 65 65 65 65 65 65 65 65 65 65 65 65 65 65 65 65 65 65 65 65 65 65 65 65 65 65 65 65 65 65 65 65 65 65 65 65 65 65 65 65 65 
65 65 65 65 65 65 65 65 65 65 65 65 65 65 65 65 65 65 65 65 65 65 65 65 65 65 65 65 65 65 65 65 103 114 131 137 131 114 114 114 131 137 131 114 114 131 137 131 114 114 131 137 131 114 120 121 138 105 65 65 65 65 65 65 65 65 65 65 65 65 65 65 65 65 65 65 65 65 65 65 65 65 65 65 65 65 65 65 65 65 65 65 65 65 65 65 65 65 65 65 
65 65 65 65 65 65 65 65 65 65 65 65 65 65 65 65 65 65 65 65 65 65 65 65 65 65 65 65 65 65 65 65 103 114 120 121 114 114 122 136 114 114 114 114 136 114 114 114 114 114 114 122 114 114 114 114 114 105 65 65 65 65 65 65 65 65 65 65 65 65 65 65 65 65 65 65 65 65 65 65 65 65 65 65 65 65 65 65 65 65 65 65 65 65 65 65 65 65 65 65 
65 65 65 65 65 65 65 65 65 65 65 65 65 65 65 65 65 65 65 65 65 65 65 65 65 65 65 65 65 65 65 65 103 114 114 114 114 132 114 114 114 132 114 114 114 114 114 114 114 133 114 114 114 114 138 114 114 105 65 65 65 65 65 65 65 65 65 65 65 65 65 65 65 65 65 65 65 65 65 65 65 65 65 65 65 65 65 65 65 65 65 65 65 65 65 65 65 65 65 65 
65 65 65 65 65 65 65 65 65 65 65 65 65 65 65 65 65 65 65 65 65 65 65 65 65 65 65 65 65 65 65 65 103 114 131 137 131 114 114 114 131 137 131 114 114 131 137 131 114 114 131 137 131 122 114 114 114 105 65 65 65 65 65 65 65 65 65 65 65 65 65 65 65 65 65 65 65 65 65 65 65 65 65 65 65 65 65 65 65 65 65 65 65 65 65 65 65 65 65 65 
65 65 65 65 65 65 65 65 65 65 65 65 65 65 65 65 65 65 65 65 65 65 65 65 65 65 65 65 65 65 65 65 103 114 114 114 114 114 136 114 114 114 114 114 114 114 114 114 114 114 114 114 114 114 136 114 114 105 65 65 65 65 65 65 65 65 65 65 65 65 65 65 65 65 65 65 65 65 65 65 65 65 65 65 65 65 65 65 65 65 65 65 65 65 65 65 65 65 65 65 
65 65 65 65 65 65 65 65 65 65 65 65 65 65 65 65 65 65 65 65 65 65 65 65 65 65 65 65 65 65 65 65 103 114 131 137 131 114 114 114 131 137 131 136 114 131 137 131 114 114 131 137 131 114 114 114 114 105 65 65 65 65 65 65 65 65 65 65 65 65 65 65 65 65 65 65 65 65 65 65 65 65 65 65 65 65 65 65 65 65 65 65 65 65 65 65 65 65 65 65 
65 65 101 101 101 101 101 101 101 101 101 101 101 101 101 101 101 101 101 101 101 101 101 101 101 101 101 101 101 101 101 101 113 114 114 114 114 132 114 114 114 114 114 114 114 114 114 114 114 114 114 114 114 114 136 114 114 105 65 65 65 65 65 65 65 65 65 65 65 65 65 65 65 65 65 65 65 65 65 65 65 65 65 65 65 65 65 65 65 65 65 65 65 65 65 65 65 65 65 65 
65 103 95 96 126 126 95 95 126 126 95 95 95 126 126 125 95 96 95 95 126 95 95 95 95 126 126 95 125 95 126 126 96 114 131 137 131 114 114 114 131 137 131 114 114 131 137 131 114 114 131 137 131 114 114 114 138 105 65 65 65 65 65 65 65 65 65 65 65 65 65 65 65 65 65 65 65 65 65 65 65 65 65 65 65 65 65 65 65 65 65 65 65 65 65 65 65 65 65 65 
65 103 119 119 135 135 119 119 135 135 119 134 119 135 135 119 119 119 119 119 135 119 119 119 119 135 135 119 119 119 135 135 119 114 114 114 114 114 114 114 114 114 114 114 114 114 114 114 114 114 114 114 114 114 114 114 114 105 65 65 65 65 65 65 65 65 65 65 65 65 65 65 65 65 65 65 65 65 65 65 65 65 65 65 65 65 65 65 65 65 65 65 65 65 65 65 65 65 65 65 
65 103 114 114 114 114 114 114 114 114 114 114 114 114 114 114 114 114 114 114 114 114 114 114 114 114 114 114 114 114 114 114 114 114 114 114 114 114 132 114 114 114 114 114 114 114 114 114 114 114 114 114 114 114 114 114 114 105 65 65 65 65 65 65 65 65 65 65 65 65 65 65 65 65 65 65 65 65 65 65 65 65 65 65 65 65 65 65 65 65 65 65 65 65 65 65 65 65 65 65 
65 103 114 114 114 114 114 114 114 114 114 114 114 114 114 114 114 114 114 114 114 114 114 114 114 114 114 114 114 114 114 114 114 114 114 136 114 114 114 114 114 114 133 114 114 114 114 114 114 114 114 114 114 114 114 114 114 112 101 101 101 101 101 101 101 101 101 101 101 101 65 65 65 65 65 65 65 65 65 65 65 65 65 65 65 65 65 65 65 65 65 65 65 65 65 65 65 65 65 65 
65 103 114 114 114 114 114 114 114 114 114 114 114 114 114 114 114 114 114 114 114 114 114 114 114 114 114 114 114 114 114 114 114 114 114 114 114 114 114 114 114 114 114 114 132 114 114 114 114 114 114 114 114 114 114 114 114 125 95 95 95 95 96 125 95 95 95 95 95 125 112 101 101 65 65 65 65 65 65 65 65 65 65 65 65 65 65 65 65 65 65 65 65 65 65 65 65 65 65 65 
65 103 114 114 114 114 114 114 114 114 114 114 114 114 114 114 114 114 114 114 114 114 114 114 114 114 114 114 114 114 114 114 114 114 114 133 114 114 114 136 114 114 114 114 114 114 114 114 114 114 114 114 114 114 114 114 114 119 119 119 119 119 119 119 119 119 119 119 119 119 95 96 95 105 65 65 65 65 65 65 65 65 65 65 65 65 65 65 65 65 65 65 65 65 65 65 65 65 65 65 
65 103 114 114 114 114 114 114 114 114 114 114 114 114 114 114 114 114 114 114 114 114 114 114 114 114 114 114 114 114 114 114 114 114 114 114 114 114 114 114 114 114 114 114 136 114 114 114 114 114 114 114 114 114 114 114 114 114 114 114 114 114 114 114 114 114 114 114 114 114 119 119 119 112 101 101 101 101 101 101 101 101 101 101 101 101 101 101 101 101 101 101 101 101 101 101 101 101 65 65 
65 103 114 114 114 114 114 114 114 114 114 114 114 114 114 114 114 114 114 114 114 114 114 114 114 114 114 114 114 114 114 114 114 114 114 114 114 114 114 132 114 114 114 114 114 114 114 114 114 114 114 114 114 114 114 114 114 114 114 114 114 114 114 114 114 114 114 114 114 114 114 114 114 95 95 95 95 125 96 95 95 95 95 125 95 95 95 95 96 125 95 95 95 95 95 95 95 125 105 65 
65 103 114 114 114 114 114 114 114 114 114 114 114 114 114 114 114 114 114 114 114 114 114 114 114 114 114 114 114 114 114 114 114 114 114 114 114 114 114 114 114 114 114 114 114 114 114 114 114 114 114 114 114 114 114 114 114 114 114 114 114 114 114 114 114 114 114 114 114 114 114 114 114 119 119 119 119 119 119 119 119 119 119 119 119 119 119 119 119 119 119 119 119 119 119 119 119 119 105 65 
65 103 114 114 114 114 114 114 114 114 114 114 114 114 114 114 114 114 114 114 114 114 114 114 114 114 114 114 114 114 114 114 114 114 114 114 114 114 114 114 114 114 114 114 114 114 114 114 114 114 114 114 114 114 114 114 114 114 114 114 114 114 114 114 114 114 114 114 114 114 114 114 114 114 114 114 114 114 114 114 114 114 114 114 114 114 114 114 114 114 114 114 114 114 114 114 114 114 105 65 
65 65 99 99 99 99 99 99 99 99 99 99 107 114 114 114 114 109 99 99 99 99 99 99 99 99 99 99 99 99 99 99 99 99 99 99 99 99 99 99 99 99 99 99 99 99 99 99 107 114 114 114 114 114 114 114 114 114 114 114 114 114 114 114 114 114 114 114 114 114 114 114 114 114 114 114 114 114 114 114 114 114 114 114 114 114 114 114 114 114 114 114 114 114 114 114 114 114 105 65 
65 65 65 65 65 65 65 65 65 65 65 65 103 114 114 114 114 105 65 65 65 65 65 65 65 65 65 65 65 65 65 65 65 65 65 65 65 65 65 65 65 65 65 65 65 65 65 65 65 99 99 99 99 99 99 99 99 99 99 99 99 99 99 99 99 99 99 99 99 107 114 114 114 114 114 114 114 114 114 114 114 114 114 114 114 114 114 114 114 114 114 114 114 114 114 114 114 114 105 65 
65 65 65 65 65 65 65 65 65 65 65 65 103 114 114 114 114 105 65 65 65 65 65 65 65 65 65 65 65 65 65 65 65 65 65 65 65 65 65 65 65 65 65 65 65 65 65 65 65 65 65 65 65 65 65 65 65 65 65 65 65 65 65 65 65 65 65 65 65 103 114 114 114 114 114 114 114 114 114 114 114 114 114 114 114 114 114 114 114 114 114 114 114 114 114 114 114 114 105 65 
65 65 65 65 65 65 65 65 65 65 65 65 103 114 114 114 114 105 65 65 65 65 65 65 65 65 65 65 65 65 65 65 65 65 65 65 65 65 65 65 65 65 65 65 65 65 65 65 65 65 65 65 65 65 65 65 65 65 65 65 65 65 65 65 65 65 65 65 65 103 114 114 114 114 114 114 114 114 114 114 114 114 114 114 114 114 114 114 114 114 114 114 114 114 114 114 114 114 105 65 
65 65 65 65 65 65 65 65 65 65 65 65 103 114 114 114 114 105 65 65 65 65 65 65 65 65 65 65 65 65 65 65 65 65 65 65 65 65 65 65 65 65 65 65 65 65 65 65 65 65 65 65 65 65 65 65 65 65 65 65 65 65 65 65 65 65 65 65 65 103 114 114 114 114 114 114 114 114 114 114 114 114 114 114 114 114 114 114 114 114 114 114 114 114 114 114 114 114 105 65 
65 65 65 65 65 65 65 65 65 65 65 65 103 114 114 114 114 105 65 65 65 65 65 65 65 65 65 65 65 65 65 65 65 65 65 65 65 65 65 65 65 65 65 65 65 65 65 65 65 65 65 65 65 65 65 65 65 65 65 65 65 65 65 65 65 65 65 65 65 65 99 99 99 99 99 99 99 99 99 99 99 99 99 99 99 99 99 99 99 99 107 114 114 114 114 114 114 114 105 65 
65 65 65 65 65 65 65 65 65 65 65 65 103 114 114 114 114 105 65 65 65 65 65 65 65 65 65 65 65 65 65 65 65 65 65 65 65 65 65 65 65 65 65 65 65 65 65 65 65 65 65 65 65 65 65 65 65 65 65 65 65 65 65 65 65 65 65 65 65 65 65 65 65 65 65 65 65 65 65 65 65 65 65 65 65 65 65 65 65 65 103 114 114 114 114 114 114 114 105 65 
65 65 65 65 65 65 65 65 65 65 65 65 103 114 114 114 114 105 65 65 65 65 65 65 65 65 65 65 65 65 65 65 65 65 65 65 65 65 65 65 65 65 65 65 65 65 65 65 65 65 65 65 65 65 65 65 65 65 65 65 65 65 65 65 65 65 65 65 65 65 65 65 65 65 65 65 65 65 65 65 65 65 65 65 65 65 65 65 65 65 103 114 114 114 114 114 114 114 105 65 
65 65 65 65 65 65 65 65 65 65 65 65 103 114 114 114 114 105 65 65 65 65 65 65 65 65 65 65 65 65 65 65 65 65 65 65 65 65 65 65 65 65 65 65 65 65 65 65 65 65 65 65 65 65 65 65 65 65 65 65 65 65 65 65 65 65 65 65 65 65 65 65 65 65 65 65 65 65 65 65 65 65 65 65 65 65 65 65 65 65 103 114 114 114 114 114 114 114 105 65 
65 65 65 65 65 65 65 65 65 65 65 65 103 114 114 114 114 105 65 65 65 65 65 65 65 65 65 65 65 65 65 65 65 65 65 65 65 65 65 65 65 65 65 65 65 65 65 65 65 65 65 65 65 65 65 65 65 65 65 65 65 65 65 65 65 65 65 65 65 65 65 65 65 65 65 65 65 65 65 65 65 65 65 65 65 65 65 65 65 65 103 114 114 114 114 114 114 114 105 65 
65 65 65 65 65 65 65 65 65 65 65 65 103 114 114 114 114 112 101 101 101 101 101 101 101 101 101 101 101 101 101 101 101 101 101 101 101 101 101 101 101 101 101 101 101 101 101 101 101 101 101 101 101 101 101 101 101 101 101 101 101 101 101 101 101 101 101 101 101 101 101 101 101 101 101 101 101 101 101 101 101 101 101 101 101 101 101 101 101 101 113 114 114 114 114 114 114 114 105 65 
65 65 65 65 65 65 65 65 65 65 65 65 103 114 114 114 114 125 95 95 96 95 95 95 95 96 95 95 95 126 126 95 95 95 96 95 95 95 95 95 126 96 95 95 95 126 126 95 95 95 95 96 95 95 95 95 126 126 95 95 95 95 96 125 126 95 95 95 125 95 126 126 95 95 95 96 126 126 95 95 95 126 126 95 95 96 95 95 95 95 125 114 114 114 114 114 114 114 105 65 
65 65 65 65 65 65 65 65 65 65 65 65 103 114 114 114 114 119 119 130 130 119 119 119 130 130 119 119 119 135 135 119 119 119 130 130 119 119 119 119 135 119 119 119 119 135 135 119 119 119 119 130 130 119 119 119 135 135 119 119 123 119 124 119 135 119 119 119 119 119 135 135 119 123 119 119 135 135 119 119 119 135 135 119 123 123 124 135 119 119 119 114 114 114 114 114 114 114 105 65 
65 65 65 65 65 65 65 65 65 65 65 65 103 114 114 114 114 114 114 114 114 114 114 114 114 114 114 114 114 114 114 114 114 114 114 114 114 114 114 114 114 114 114 114 114 114 114 114 114 114 114 114 114 114 114 114 114 114 114 114 114 114 114 114 114 114 114 114 114 114 114 114 114 114 114 114 114 114 114 114 114 114 114 114 114 114 114 114 114 114 114 114 114 114 114 114 114 114 105 65 
65 101 101 101 101 101 101 101 101 101 101 101 113 114 114 114 114 114 114 114 114 114 114 114 114 114 114 114 114 114 114 114 114 114 114 114 114 114 114 114 114 114 114 114 114 114 114 114 114 114 114 114 114 114 114 114 114 114 114 114 114 114 120 121 114 114 114 114 114 114 114 114 114 122 114 114 114 114 114 114 114 114 114 114 114 114 114 114 114 114 114 114 114 114 114 114 114 114 105 65 
103 96 95 95 96 126 95 96 126 96 95 96 95 114 114 114 114 114 114 114 114 114 114 114 114 114 114 114 114 114 114 114 114 114 114 114 114 114 114 114 114 114 114 114 114 114 114 114 114 114 114 114 114 114 114 114 114 114 114 114 114 114 114 114 114 114 114 114 114 114 114 114 114 114 122 114 114 114 114 114 114 114 114 114 114 114 114 114 114 114 114 114 114 114 114 114 114 114 105 65 
103 119 119 119 119 135 119 119 135 119 119 119 119 114 114 114 114 114 114 114 114 114 114 114 97 97 97 97 97 114 97 97 114 114 114 114 97 97 97 97 97 97 97 97 97 97 97 114 114 114 114 114 114 114 114 114 114 114 97 97 97 97 97 97 97 97 97 97 97 97 97 97 97 97 97 97 97 97 97 97 97 97 97 97 97 97 97 97 114 114 114 114 114 114 114 114 114 114 105 65 
103 114 114 122 114 114 114 114 114 114 114 114 114 114 114 114 114 114 114 114 114 114 114 114 108 108 108 108 108 108 108 108 114 114 114 114 108 108 108 108 108 108 108 108 108 108 108 108 108 114 114 114 114 114 114 114 108 108 108 108 108 108 108 108 108 108 108 108 108 108 108 108 108 108 108 108 108 108 108 108 108 108 108 108 108 108 108 108 114 114 114 114 114 114 114 114 114 114 105 65 
103 114 114 114 122 114 114 114 114 114 114 114 114 114 114 114 114 114 114 114 114 114 114 114 110 110 110 110 110 110 110 110 108 108 108 108 110 110 110 110 110 110 110 110 110 110 110 110 110 114 114 114 114 114 114 114 110 110 110 110 110 110 110 110 110 110 110 110 110 110 110 110 110 110 110 110 110 110 110 110 110 110 110 110 110 110 110 110 114 114 114 114 114 114 114 114 114 114 105 65 
103 114 114 114 114 114 114 114 114 114 114 114 114 114 114 114 114 114 114 114 114 114 114 114 110 110 110 110 110 110 110 110 110 110 110 110 110 110 110 110 110 110 110 110 110 110 110 110 110 114 114 114 114 114 114 114 110 110 110 110 110 110 110 110 110 110 110 110 110 110 110 110 110 110 110 110 110 110 110 110 110 110 110 110 110 110 110 110 114 114 114 114 114 114 114 114 114 114 105 65 
103 114 114 114 114 114 114 114 114 114 114 114 114 114 114 114 114 114 114 114 114 114 114 114 106 106 106 106 106 106 106 106 106 106 106 106 106 106 106 106 106 106 106 106 106 106 106 106 106 114 114 114 114 114 114 114 106 106 106 106 106 106 106 106 106 106 106 106 106 106 106 106 106 106 106 106 106 106 106 106 106 106 106 106 106 106 106 106 114 114 114 114 114 114 114 114 114 114 105 65 
99 99 99 99 99 99 99 99 99 99 99 99 107 114 114 114 114 114 114 114 114 114 114 114 106 106 106 106 106 106 106 106 106 106 106 106 106 106 106 106 106 106 106 106 106 106 106 106 106 114 114 114 114 114 114 114 106 106 106 106 106 106 106 106 106 106 106 106 106 106 106 106 106 106 106 106 106 106 106 106 106 106 106 106 106 106 106 106 114 114 114 114 114 114 114 114 114 114 105 65 
65 65 65 65 65 65 65 65 65 65 65 65 103 114 114 114 114 114 114 114 114 114 114 114 104 100 100 100 100 100 100 100 100 100 100 100 100 100 100 100 100 100 100 100 100 100 100 100 100 114 114 114 114 114 114 114 106 104 100 100 100 100 100 100 100 100 100 100 100 100 100 100 100 100 100 100 100 100 100 100 100 100 100 100 100 100 100 100 114 114 114 114 114 114 114 114 114 114 105 65 
65 65 65 65 65 65 65 65 65 65 65 65 103 114 114 114 114 114 114 114 114 114 114 114 104 100 100 100 100 100 100 100 100 100 100 100 100 100 100 100 100 100 100 100 100 100 100 100 100 114 114 114 114 114 114 114 106 104 100 100 100 100 100 100 100 100 100 100 100 100 100 100 100 100 100 100 100 100 100 100 100 100 100 100 100 100 100 100 114 114 114 114 114 114 114 114 114 114 105 65 
65 65 65 65 65 65 65 65 65 65 65 65 103 114 114 114 114 114 114 114 114 114 114 114 104 100 100 100 100 100 100 100 100 100 100 100 100 100 100 100 100 100 100 100 100 100 100 100 100 114 114 114 114 114 114 114 106 104 100 100 100 100 100 100 100 100 100 100 100 100 100 100 100 100 100 100 100 100 100 100 100 100 100 100 100 100 100 100 114 114 114 114 114 114 114 114 114 114 105 65 
65 65 65 65 65 65 65 65 65 65 65 65 103 114 114 114 114 114 114 114 114 114 114 114 104 100 100 100 100 100 100 100 100 100 100 100 100 100 100 100 100 100 100 100 100 100 100 100 100 114 114 114 114 114 114 114 106 104 100 100 100 100 100 100 100 100 100 100 100 100 100 100 100 100 100 100 100 100 100 100 100 100 100 100 100 100 100 100 114 114 114 114 114 114 114 114 114 114 105 65 
65 65 65 65 65 65 65 65 65 65 65 65 103 114 114 114 114 114 114 114 114 114 114 114 104 100 100 100 100 100 100 100 100 100 100 100 100 100 100 100 100 100 100 100 100 100 100 100 100 114 114 114 114 114 114 114 106 104 100 100 100 100 100 100 100 100 100 100 100 100 100 100 100 100 100 100 100 100 100 100 100 100 100 100 100 100 100 100 114 114 114 114 114 114 114 114 114 114 105 65 
65 65 65 65 65 65 65 65 65 65 65 65 103 114 114 114 114 114 114 114 114 114 114 114 104 100 100 100 100 100 100 100 100 100 100 100 100 100 100 100 100 100 100 100 100 100 100 100 100 108 108 108 108 108 108 108 106 104 100 100 100 100 100 100 100 100 100 100 100 100 100 100 100 100 100 100 100 100 100 100 100 100 100 100 100 100 100 100 114 114 114 114 114 114 114 114 114 114 105 65 
65 65 65 65 65 65 65 65 65 65 65 65 103 114 114 114 114 114 114 114 114 114 114 114 104 100 100 100 100 100 100 100 100 100 100 100 100 100 100 100 100 100 100 100 100 100 100 100 100 110 110 110 110 110 110 110 106 104 100 100 100 100 100 100 100 100 100 100 100 100 100 100 100 100 100 100 100 100 100 100 100 100 100 100 100 100 100 100 114 114 114 114 114 114 114 114 114 114 105 65 
65 65 65 65 65 65 65 65 65 65 65 65 103 114 114 114 114 114 114 114 114 114 114 114 104 100 100 100 100 100 100 100 100 100 100 100 100 100 100 100 100 100 100 100 100 100 100 100 100 110 110 110 110 110 110 110 106 104 100 100 100 100 100 100 100 100 100 100 100 100 100 100 100 100 100 100 100 100 100 100 100 100 100 100 100 100 100 100 114 114 114 114 114 114 114 114 114 114 114 65 
65 65 65 65 65 65 65 65 65 65 65 65 103 114 114 114 114 114 114 114 114 114 114 114 104 100 100 100 100 100 100 100 100 100 100 100 100 100 100 100 100 100 100 100 100 100 100 100 100 106 106 106 106 106 106 106 106 104 100 100 100 100 100 100 100 100 100 100 100 100 100 100 100 100 100 100 100 100 100 100 100 100 100 100 100 100 100 100 114 114 114 114 114 114 114 114 114 114 105 65 
65 65 65 65 65 65 65 65 65 65 65 65 103 114 114 114 114 114 114 114 114 114 114 114 104 100 100 100 100 100 100 100 100 100 100 100 100 100 100 100 100 100 100 100 100 100 100 100 100 106 106 106 106 106 106 106 106 104 100 100 100 100 100 100 100 100 100 100 100 100 100 100 100 100 100 100 100 100 100 100 100 100 100 100 100 100 100 100 114 114 114 114 114 114 114 114 114 114 105 65 
65 65 65 65 65 65 65 65 65 65 65 65 103 114 114 114 114 114 114 114 114 114 114 114 104 100 100 100 100 100 100 100 100 100 100 100 100 100 100 100 100 100 100 100 100 100 100 100 100 100 100 100 100 100 100 100 100 100 100 100 100 100 100 100 100 100 100 100 100 100 100 100 100 100 100 100 100 100 100 100 100 100 100 100 100 100 100 100 114 114 114 114 114 114 114 114 114 114 105 65 
65 65 65 65 65 65 65 65 65 65 65 65 103 114 114 114 114 114 114 114 114 114 114 114 104 100 100 100 100 100 100 100 100 100 100 100 100 100 100 100 100 100 100 100 100 100 100 100 100 100 100 100 100 100 100 100 100 100 100 100 100 100 100 100 100 100 100 100 100 100 100 100 100 100 100 100 100 100 100 100 100 100 100 100 100 100 100 100 122 114 114 114 114 114 114 114 114 114 105 65 
65 65 65 65 65 65 65 65 65 65 65 65 103 114 114 114 114 114 114 114 114 114 114 114 104 100 100 100 100 100 100 100 100 100 100 100 100 100 100 100 100 100 100 100 100 100 100 100 100 100 100 100 100 100 100 100 100 100 100 100 100 100 100 100 100 100 100 100 100 100 100 100 100 100 100 100 100 100 100 100 100 100 100 100 100 100 100 100 114 122 114 114 114 114 114 114 114 114 105 65 
65 65 65 65 65 65 65 65 65 65 65 65 103 114 114 114 114 114 114 114 114 114 114 114 104 100 100 100 100 100 100 100 100 100 100 100 100 100 100 100 100 100 100 100 100 100 100 100 100 100 100 100 100 100 100 100 100 100 100 100 100 100 100 100 100 100 100 100 100 100 100 100 100 100 100 100 100 100 100 100 100 100 100 100 100 100 100 100 114 114 122 114 114 114 114 114 114 114 105 65 
65 65 65 65 65 65 65 65 65 65 65 65 103 114 114 114 114 114 114 114 114 114 114 114 104 100 100 100 100 100 100 100 100 100 100 100 100 100 100 100 100 100 100 100 100 100 100 100 100 100 100 100 100 100 100 100 100 100 100 100 100 100 100 100 100 100 100 100 100 100 100 100 100 100 100 100 100 100 100 100 100 100 100 100 100 100 100 100 114 114 114 122 114 114 114 114 114 114 105 65 
65 65 65 65 65 65 65 65 65 65 65 65 103 114 114 114 114 114 114 114 114 114 114 114 104 100 100 100 100 100 100 100 100 100 100 100 100 100 100 100 100 100 100 100 100 100 100 100 100 100 100 100 100 100 100 100 100 100 100 100 100 100 100 100 100 100 100 100 100 100 100 100 100 100 100 100 100 100 100 100 100 100 100 100 100 100 100 100 114 114 114 114 122 114 114 114 114 114 105 65 
65 65 65 65 65 65 65 65 65 65 65 65 103 114 114 114 114 114 114 114 114 114 114 114 97 97 97 97 97 97 97 97 97 97 97 97 97 97 97 97 97 97 97 100 100 100 97 97 97 97 97 97 97 97 97 97 97 97 97 97 97 97 97 97 97 97 97 97 97 97 97 97 97 97 97 97 97 97 97 97 97 97 97 100 100 100 97 97 114 114 114 114 114 122 114 114 114 114 105 65 
65 65 65 65 65 65 65 65 65 65 65 65 103 114 114 114 114 114 114 114 114 114 114 114 114 114 114 114 114 114 114 114 114 114 114 114 114 114 114 114 114 114 114 114 114 114 114 114 114 114 114 114 114 114 114 114 114 114 114 114 114 114 114 114 114 114 114 114 114 114 114 114 114 114 114 114 114 114 114 114 114 114 114 114 114 114 114 114 114 114 114 114 114 114 114 114 114 114 105 65 
65 65 65 65 65 65 65 65 65 65 65 65 103 114 114 114 114 114 114 114 114 114 114 114 114 114 114 114 114 114 114 114 114 114 114 114 114 114 114 114 114 114 114 114 114 114 114 114 114 114 114 114 114 114 114 114 114 114 114 114 114 114 114 114 114 114 114 114 114 114 114 114 114 114 114 114 114 114 114 114 114 114 114 114 114 114 114 114 114 114 114 114 114 114 114 114 114 114 105 65 
65 65 65 65 65 65 65 65 65 65 65 65 103 114 114 114 114 114 114 114 114 114 114 114 114 114 114 114 114 114 114 114 114 114 114 114 114 114 114 114 114 114 114 114 114 114 114 114 114 114 114 114 114 114 114 114 114 114 114 114 114 114 114 114 114 114 114 114 114 114 114 114 114 114 114 114 114 114 114 114 114 114 114 114 114 114 114 114 114 114 114 114 114 114 114 114 114 114 105 65 
65 65 65 65 65 65 65 65 65 65 65 65 103 114 114 114 114 114 114 114 114 114 114 114 114 133 133 114 114 114 133 133 114 114 114 133 133 133 114 114 114 133 133 114 114 114 133 133 114 114 114 114 133 133 114 114 114 133 133 114 114 114 133 133 114 114 114 133 133 114 114 114 133 133 114 114 114 133 133 114 114 114 133 133 114 114 114 133 133 114 114 114 114 114 114 114 114 114 105 65 
65 65 65 65 65 65 65 65 65 65 65 65 103 114 114 114 114 114 114 114 114 114 114 114 114 133 133 114 114 114 133 133 114 114 114 133 133 133 114 114 114 133 133 114 114 114 133 133 114 114 114 114 133 133 114 114 114 133 133 114 114 114 133 133 114 114 114 133 133 114 114 114 133 133 114 114 114 133 133 114 114 114 133 133 114 114 114 133 133 114 114 114 114 114 114 114 114 114 105 65 
65 65 65 65 65 65 65 65 65 65 65 65 103 114 114 114 114 114 114 114 114 114 114 114 114 114 114 114 114 114 114 114 114 114 114 114 114 114 114 114 114 114 114 114 114 114 114 114 114 114 114 114 114 114 114 114 114 114 114 114 114 114 114 114 114 114 114 114 114 114 114 114 114 114 114 114 114 114 114 114 114 114 114 114 114 114 114 114 114 114 114 114 114 114 114 114 114 114 105 65 
65 65 65 65 65 65 65 65 65 65 65 65 103 114 114 114 114 114 114 114 114 114 114 114 114 114 114 114 114 114 114 114 114 114 114 114 114 114 114 114 114 114 114 114 114 114 114 114 114 114 114 114 114 114 114 114 114 114 114 114 114 114 114 114 114 114 114 114 114 114 114 114 114 114 114 114 114 114 114 114 114 114 114 114 114 114 114 114 114 114 114 114 114 114 114 114 114 114 105 65 
65 65 65 65 65 65 65 65 65 65 65 65 103 114 114 114 114 114 114 114 114 114 114 114 114 114 114 114 114 114 114 114 114 114 114 114 114 114 114 114 114 114 114 114 114 114 114 114 114 114 114 114 114 114 114 114 114 114 114 114 114 114 114 114 114 114 114 114 114 114 114 114 114 114 114 114 114 114 114 114 114 114 114 114 114 114 114 114 114 114 114 114 114 114 114 114 114 114 105 65 
65 65 65 65 65 65 101 101 101 101 101 101 113 114 114 114 114 114 114 114 114 114 114 114 114 114 114 114 114 114 114 114 114 114 114 114 114 114 114 114 114 114 114 114 114 114 114 114 114 114 114 114 114 114 114 114 114 114 114 114 114 114 114 114 114 114 114 114 114 114 114 114 114 114 114 114 114 114 114 114 114 114 114 114 114 114 114 114 114 114 114 114 114 114 114 114 114 114 105 65 
65 65 65 65 65 103 114 114 114 114 114 114 114 114 114 114 114 114 109 99 99 99 99 99 99 99 99 99 99 99 99 99 99 99 99 99 99 99 99 99 99 99 99 99 99 99 99 99 99 99 99 99 99 99 99 99 99 99 99 99 99 99 99 99 99 99 99 99 99 99 99 99 99 99 99 99 99 99 99 99 99 99 99 99 99 99 99 99 99 99 99 99 99 99 99 99 99 99 65 65 
65 65 65 65 65 103 114 114 114 114 114 114 114 114 114 114 114 114 105 65 65 65 65 65 65 65 65 65 65 65 65 65 65 65 65 65 65 65 65 65 65 65 65 65 65 65 65 65 65 65 65 65 65 65 65 65 65 65 65 65 65 65 65 65 65 65 65 65 65 65 65 65 65 65 65 65 65 65 65 65 65 65 65 65 65 65 65 65 65 65 65 65 65 65 65 65 65 65 65 65 
65 65 65 65 65 103 114 114 114 114 114 114 114 114 114 114 114 114 105 65 65 65 65 65 65 65 65 65 65 65 65 65 65 65 65 65 65 65 65 65 65 65 65 65 65 65 65 65 65 65 65 65 65 65 65 65 65 65 65 65 65 65 65 65 65 65 65 65 65 65 65 65 65 65 65 65 65 65 65 65 65 65 65 65 65 65 65 65 65 65 65 65 65 65 65 65 65 65 65 65 
65 65 65 65 65 103 114 114 114 114 114 114 114 114 114 114 114 114 105 65 65 65 65 65 65 65 65 65 65 65 65 65 65 65 65 65 65 65 65 65 65 65 65 65 65 65 65 65 65 65 65 65 65 65 65 65 65 65 65 65 65 65 65 65 65 65 65 65 65 65 65 65 65 65 65 65 65 65 65 65 65 65 65 65 65 65 65 65 65 65 65 65 65 65 65 65 65 65 65 65 
65 65 65 65 65 103 114 114 114 114 114 114 114 114 114 114 114 114 105 65 65 65 65 65 65 65 65 65 65 65 65 65 65 65 65 65 65 65 65 65 65 65 65 65 65 65 65 65 65 65 65 65 65 65 65 65 65 65 65 65 65 65 65 65 65 65 65 65 65 65 65 65 65 65 65 65 65 65 65 65 65 65 65 65 65 65 65 65 65 65 65 65 65 65 65 65 65 65 65 65 
65 65 65 65 65 103 114 114 133 114 114 114 114 114 114 114 114 114 105 65 65 65 65 65 65 65 65 65 65 65 65 65 65 65 65 65 65 65 65 65 65 65 65 65 65 65 65 65 65 65 65 65 65 65 65 65 65 65 65 65 65 65 65 65 65 65 65 65 65 65 65 65 65 65 65 65 65 65 65 65 65 65 65 65 65 65 65 65 65 65 65 65 65 65 65 65 65 65 65 65 
65 65 65 65 65 103 114 114 114 114 114 114 114 114 114 114 114 114 105 65 65 65 65 65 65 65 65 65 65 65 65 65 65 65 65 65 65 65 65 65 65 65 65 65 65 65 65 65 65 65 65 65 65 65 65 65 65 65 65 65 65 65 65 65 65 65 65 65 65 65 65 65 65 65 65 65 65 65 65 65 65 65 65 65 65 65 65 65 65 65 65 65 65 65 65 65 65 65 65 65 
65 65 65 65 65 103 114 114 114 114 114 114 114 133 114 114 133 114 105 65 65 65 65 65 65 65 65 65 65 65 65 65 65 65 65 65 65 65 65 65 65 65 65 65 65 65 65 65 65 65 65 65 65 65 65 65 65 65 65 65 65 65 65 65 65 65 65 65 65 65 65 65 65 65 65 65 65 65 65 65 65 65 65 65 65 65 65 65 65 65 65 65 65 65 65 65 65 65 65 65 
65 65 65 65 65 103 114 114 114 114 114 114 114 114 114 114 114 114 105 65 65 65 65 65 65 65 65 65 65 65 65 65 65 65 65 65 65 65 65 65 65 65 65 65 65 65 65 65 65 65 65 65 65 65 65 65 65 65 65 65 65 65 65 65 65 65 65 65 65 65 65 65 65 65 65 65 65 65 65 65 65 65 65 65 65 65 65 65 65 65 65 65 65 65 65 65 65 65 65 65 
65 65 65 65 65 103 114 114 133 114 114 114 114 114 114 114 114 114 105 65 65 65 65 65 65 65 65 65 65 65 65 65 65 65 65 65 65 65 65 65 65 65 65 65 65 65 65 65 65 65 65 65 65 65 65 65 65 65 65 65 65 65 65 65 65 65 65 65 65 65 65 65 65 65 65 65 65 65 65 65 65 65 65 65 65 65 65 65 65 65 65 65 65 65 65 65 65 65 65 65 
65 65 65 65 65 103 114 114 114 114 114 114 114 114 114 114 133 114 112 101 101 101 101 101 101 101 101 101 101 101 101 101 101 101 101 101 101 101 101 101 101 101 101 101 101 101 101 101 101 101 101 101 101 101 101 101 101 101 101 101 101 101 101 101 101 101 101 101 101 101 101 101 101 101 101 101 101 101 101 101 101 101 101 101 101 101 65 65 65 65 65 65 65 65 65 65 65 65 65 65 
65 65 65 65 65 103 114 114 114 114 114 114 138 114 114 114 114 114 125 95 95 95 96 95 95 95 95 125 95 96 95 95 95 95 125 95 95 95 96 95 95 95 95 125 95 95 95 96 125 95 95 95 96 95 125 95 95 95 95 95 125 95 96 95 95 95 125 95 95 95 95 96 125 95 95 95 95 96 95 125 95 95 95 96 95 125 105 65 65 65 65 65 65 65 65 65 65 65 65 65 
65 65 65 65 65 103 114 114 114 114 114 114 114 114 114 114 114 138 119 119 119 130 130 134 119 130 130 119 124 130 130 123 123 130 130 119 119 130 130 119 119 130 130 119 119 130 130 119 134 130 130 119 119 130 130 119 119 130 130 119 119 130 130 123 119 130 130 119 119 130 130 119 134 130 130 119 123 130 130 119 130 130 119 119 130 130 105 65 65 65 65 65 65 65 65 65 65 65 65 65 
65 65 65 65 65 103 114 138 114 114 114 114 114 114 114 114 138 138 114 129 114 114 114 129 114 114 114 129 114 114 114 129 114 114 114 129 122 114 114 129 114 114 114 129 114 114 114 129 114 122 122 129 114 114 114 129 114 114 114 129 114 114 114 129 114 114 114 129 114 114 114 129 122 114 114 129 114 114 114 129 114 114 114 129 114 114 105 65 65 65 65 65 65 65 65 65 65 65 65 65 
65 65 65 65 65 103 114 114 114 114 114 114 114 114 122 138 114 122 114 114 114 136 114 114 114 132 114 114 114 114 114 114 132 114 136 114 114 114 114 114 114 132 114 114 114 114 136 114 114 136 114 114 114 132 114 114 114 136 114 114 114 114 136 114 114 114 114 114 114 136 114 114 114 136 122 114 114 114 114 114 114 114 114 114 114 114 105 65 65 65 65 65 65 65 65 65 65 65 65 65 
65 65 65 65 65 103 114 114 114 114 114 114 114 114 122 122 138 114 122 129 114 114 114 129 114 114 136 129 114 114 114 129 114 114 114 129 114 114 114 129 114 122 114 129 114 114 114 129 114 114 114 129 114 114 114 129 114 114 114 129 114 136 114 129 114 114 114 129 114 114 136 129 114 114 122 129 114 114 114 129 114 114 114 129 114 114 105 65 65 65 65 65 65 65 65 65 65 65 65 65 
65 65 65 65 65 103 114 114 114 114 114 114 114 138 138 122 122 114 114 114 114 132 114 114 114 114 114 114 114 114 114 114 114 120 121 114 114 114 114 114 122 114 114 114 114 132 114 114 114 114 114 114 114 114 136 114 114 114 120 121 120 114 114 114 114 114 114 114 114 132 114 114 114 136 114 114 114 114 114 114 114 114 114 114 114 114 105 65 65 65 65 65 65 65 65 65 65 65 65 65 
65 65 65 65 65 103 114 114 114 114 114 114 114 138 138 138 114 114 114 120 121 114 114 136 114 114 114 114 132 114 114 136 114 114 114 132 114 114 136 114 114 114 114 114 136 114 114 132 114 114 114 132 114 114 114 114 114 114 114 132 114 114 114 132 114 114 114 114 114 114 114 114 114 114 114 114 131 137 131 114 114 131 137 131 114 114 105 65 65 65 65 65 65 65 65 65 65 65 65 65 
65 65 65 65 65 103 114 114 114 114 114 114 114 138 138 114 114 114 114 114 114 114 114 114 114 114 114 114 114 114 114 114 114 114 114 114 114 114 114 114 114 114 114 114 114 114 114 114 114 114 114 114 114 114 114 114 114 114 114 114 114 114 114 114 114 114 114 114 114 114 114 114 114 114 114 114 114 114 114 114 114 114 114 114 114 114 105 65 65 65 65 65 65 65 65 65 65 65 65 65 
65 65 65 65 65 65 99 99 99 99 99 99 99 99 99 99 99 99 99 99 99 99 99 99 99 99 99 99 99 99 99 99 99 99 99 99 99 99 99 99 99 99 99 99 99 99 99 99 99 99 99 99 99 99 99 99 99 99 99 99 99 99 99 99 99 99 99 99 99 99 99 99 99 99 99 99 99 99 99 99 99 99 99 99 99 99 65 65 65 65 65 65 65 65 65 65 65 65 65 65 
65 65 65 65 65 65 65 65 65 65 65 65 65 65 65 65 65 65 65 65 65 65 65 65 65 65 65 65 65 65 65 65 65 65 65 65 65 65 65 65 65 65 65 65 65 65 65 65 65 65 65 65 65 65 65 65 65 65 65 65 65 65 65 65 65 65 65 65 65 65 65 65 65 65 65 65 65 65 65 65 65 65 65 65 65 65 65 65 65 65 65 65 65 65 65 65 65 65 65 65 
65 65 65 65 65 65 65 65 65 65 65 65 65 65 65 65 65 65 65 65 65 65 65 65 65 65 65 65 65 65 65 65 65 65 65 65 65 65 65 65 65 65 65 65 65 65 65 65 65 65 65 65 65 65 65 65 65 65 65 65 65 65 65 65 65 65 65 65 65 65 65 65 65 65 65 65 65 65 65 65 65 65 65 65 65 65 65 65 65 65 65 65 65 65 65 65 65 65 65 65 
65 65 65 65 65 65 65 65 65 65 65 65 65 65 65 65 65 65 65 65 65 65 65 65 65 65 65 65 65 65 65 65 65 65 65 65 65 65 65 65 65 65 65 65 65 65 65 65 65 65 65 65 65 65 65 65 65 65 65 65 65 65 65 65 65 65 65 65 65 65 65 65 65 65 65 65 65 65 65 65 65 65 65 65 65 65 65 65 65 65 65 65 65 65 65 65 65 65 65 65 
65 65 65 65 65 65 65 65 65 65 65 65 65 65 65 65 65 65 65 65 65 65 65 65 65 65 65 65 65 65 65 65 65 65 65 65 65 65 65 65 65 65 65 65 65 65 65 65 65 65 65 65 65 65 65 65 65 65 65 65 65 65 65 65 65 65 65 65 65 65 65 65 65 65 65 65 65 65 65 65 65 65 65 65 65 65 65 65 65 65 65 65 65 65 65 65 65 65 65 65 
