331 331 331 331 331 331 331 331 331 331 331 331 331 331 331 331 331 331 331 331 331 331 331 331 331 331 331 331 331 331 331 331 331 331 331 331 331 331 331 331 331 331 331 331 331 331 331 331 331 331 331 331 331 331 331 331 331 331 331 331 331 331 331 331 331 331 331 331 331 331 331 331 331 331 331 331 331 331 331 331 331 331 331 331 331 331 331 331 331 331 331 331 331 331 331 331 331 331 331 331 
331 331 331 331 331 331 331 331 331 331 331 331 331 331 331 331 331 331 331 331 331 331 331 331 331 331 331 331 331 331 331 331 331 331 331 331 331 331 331 331 331 331 331 331 331 331 331 331 331 331 331 331 331 331 331 331 331 331 331 331 331 331 331 331 331 331 331 331 331 331 331 331 331 331 331 331 331 331 331 331 331 331 331 331 331 331 331 331 331 331 331 331 331 331 331 331 331 331 331 331 
331 331 331 331 331 331 331 331 331 331 331 331 331 331 331 331 331 331 331 331 331 331 331 331 331 331 331 331 331 331 331 331 331 331 331 331 331 331 331 331 331 331 331 331 331 331 331 331 331 331 331 331 331 331 331 331 331 331 331 331 331 331 331 331 331 331 331 331 331 331 331 331 331 331 331 331 331 331 331 331 331 331 331 331 331 331 331 331 331 331 331 331 331 331 331 331 331 331 331 331 
331 331 331 331 331 331 331 331 331 331 331 331 331 331 331 331 331 331 331 331 331 331 331 331 331 331 331 331 331 331 331 331 331 331 331 331 331 331 331 331 331 331 331 331 331 331 331 331 331 331 331 331 331 331 331 331 331 331 331 331 331 331 331 331 331 331 331 331 331 331 331 331 331 331 331 331 331 331 331 331 331 331 331 331 331 331 331 331 331 331 331 331 331 331 331 331 331 331 331 331 
331 331 331 331 331 331 331 331 331 331 331 331 331 331 331 331 331 331 331 331 331 331 331 331 331 331 331 331 331 331 331 331 331 331 331 331 331 331 331 331 331 331 331 331 331 331 331 331 331 331 331 331 331 331 331 331 331 331 331 331 331 331 331 331 331 331 331 331 331 331 331 331 331 331 331 331 331 331 331 331 331 331 331 331 331 331 331 331 331 331 331 331 331 331 331 331 331 331 331 331 
331 331 331 331 331 331 331 331 331 331 331 331 331 331 331 331 331 331 331 331 331 331 331 331 331 331 331 331 331 331 331 331 331 331 331 331 331 331 331 331 331 331 331 331 331 331 331 331 331 331 331 331 331 331 331 331 331 331 331 331 331 331 331 331 331 331 331 331 331 331 331 331 331 331 331 331 331 331 331 331 331 331 331 331 331 331 331 331 331 331 331 331 331 331 331 331 331 331 331 331 
331 331 331 331 331 331 331 331 331 331 331 331 331 331 331 331 331 331 331 331 331 331 331 331 331 331 331 331 331 331 331 331 331 331 331 331 331 331 331 331 331 331 331 331 331 331 331 331 331 331 331 331 331 331 331 331 331 331 331 331 331 331 331 331 331 331 331 331 331 331 331 331 331 331 331 331 331 331 331 331 331 331 331 331 331 331 331 331 331 331 331 331 331 331 331 331 331 331 331 331 
331 331 331 331 331 331 331 331 331 334 336 336 336 336 336 336 336 336 336 336 336 336 336 336 336 336 336 336 336 336 336 336 336 336 336 336 336 336 336 336 336 336 336 336 336 336 336 336 336 336 336 336 336 336 336 336 336 336 336 336 336 336 336 336 336 336 336 336 336 336 336 336 336 336 336 336 336 336 336 336 336 336 336 336 336 336 336 336 336 335 331 331 331 331 331 331 331 331 331 331 
331 331 331 331 331 331 331 331 331 333 333 333 333 333 333 333 333 333 333 333 333 333 333 333 333 333 333 333 333 333 333 333 333 333 333 333 333 333 333 333 333 333 333 333 333 333 333 333 333 333 333 333 333 333 333 333 333 333 333 333 333 333 333 333 333 333 333 333 333 333 333 333 333 333 333 333 333 333 333 333 333 333 333 333 333 333 333 333 333 333 331 331 331 331 331 331 331 331 331 331 
331 331 331 331 331 331 331 331 331 333 333 333 333 333 333 333 333 333 333 333 333 333 333 333 333 333 333 333 333 333 333 333 333 333 333 333 333 333 333 333 333 333 333 333 333 333 333 333 333 333 333 333 333 333 333 333 333 333 333 333 333 333 333 333 333 333 333 333 333 333 333 333 333 333 333 333 333 333 333 333 333 333 333 333 333 333 333 333 333 333 331 331 331 331 331 331 331 331 331 331 
331 331 331 331 331 331 331 331 331 331 329 332 332 329 332 329 329 329 332 329 332 329 329 332 329 329 332 329 329 332 329 329 329 329 329 329 332 332 329 329 329 332 332 332 329 329 329 329 329 329 329 332 332 329 332 329 329 329 329 329 329 329 332 332 332 332 332 332 332 332 332 329 329 329 329 329 332 332 329 329 329 332 329 329 332 329 332 329 329 329 331 331 331 331 331 331 331 331 331 331 
331 331 331 331 331 331 331 331 331 340 327 327 327 327 327 327 327 327 327 327 327 327 327 327 327 327 327 327 327 327 327 327 327 327 327 327 327 327 327 327 327 327 327 327 327 327 327 327 327 327 327 327 327 327 327 327 327 327 327 327 327 327 327 327 327 327 327 327 327 327 327 327 327 327 327 327 327 327 327 327 327 327 327 327 327 327 327 327 327 327 339 331 331 331 331 331 331 331 331 331 
331 331 331 331 331 331 331 331 331 340 327 327 327 327 327 327 327 327 327 327 327 327 327 327 327 327 327 327 327 327 327 327 327 327 327 327 327 327 327 327 327 327 327 327 327 327 327 327 327 327 327 327 327 327 327 327 327 327 327 327 327 327 327 327 327 327 327 327 327 327 327 327 327 327 327 327 327 327 327 327 327 327 327 327 327 327 327 327 327 327 339 331 331 331 331 331 331 331 331 331 
331 331 331 331 331 331 331 331 331 340 327 327 327 327 327 327 327 327 327 327 327 327 327 327 327 327 327 327 327 327 327 327 327 327 327 327 327 327 327 327 327 327 327 327 327 327 327 327 327 327 327 327 327 327 327 327 327 327 327 327 327 327 327 327 327 327 327 327 327 327 327 327 327 327 327 327 327 327 327 327 327 327 327 327 327 327 327 327 327 327 339 331 331 331 331 331 331 331 331 331 
331 331 331 331 331 331 331 331 331 340 327 327 327 327 327 327 327 327 327 327 327 327 327 327 327 327 327 327 327 327 327 327 327 327 327 327 327 327 327 327 327 327 327 327 327 327 327 327 327 327 327 327 327 327 327 327 327 327 327 327 327 327 327 327 327 327 327 327 327 327 327 327 327 327 327 327 327 327 327 327 327 327 327 327 327 327 327 327 327 327 339 331 331 331 331 331 331 331 331 331 
331 331 331 331 331 331 331 331 331 340 327 327 327 327 327 327 327 327 327 327 327 327 327 327 327 327 327 327 327 327 327 327 327 327 327 327 327 327 327 327 327 327 327 327 327 327 327 327 327 327 327 327 327 327 327 327 327 327 327 327 327 327 327 327 327 327 327 327 327 327 327 327 327 327 327 327 327 327 327 327 327 327 327 327 327 327 327 327 327 327 339 331 331 331 331 331 331 331 331 331 
331 331 331 331 331 331 331 331 331 340 327 327 327 327 327 327 327 327 327 327 327 327 327 327 327 327 327 327 327 327 327 327 327 327 327 327 327 327 327 327 327 327 327 327 327 327 327 327 327 327 327 327 327 327 327 327 327 327 327 327 327 327 327 327 327 327 327 327 327 327 327 327 327 327 327 327 327 327 327 327 327 327 327 327 327 327 327 327 327 327 339 331 331 331 331 331 331 331 331 331 
331 331 331 331 331 331 331 331 331 340 327 327 327 327 327 327 327 327 327 327 327 327 327 327 327 327 327 327 327 327 327 327 327 327 327 327 327 327 327 327 327 327 327 327 327 327 327 327 327 327 327 327 327 327 327 327 327 327 327 327 327 327 327 327 327 327 327 327 327 327 327 327 327 327 327 327 327 327 327 327 327 327 327 327 327 327 327 327 327 327 339 331 331 331 331 331 331 331 331 331 
331 331 331 331 331 331 331 331 331 340 327 327 327 327 327 327 327 327 327 327 327 327 327 327 327 327 327 327 327 327 327 327 327 327 327 327 327 327 327 327 327 327 327 327 327 327 327 327 327 327 327 327 327 327 327 327 327 327 327 327 327 327 327 327 327 327 327 327 327 327 327 327 327 327 327 327 327 327 327 327 327 327 327 327 327 327 327 327 327 327 339 331 331 331 331 331 331 331 331 331 
331 331 331 331 331 331 331 331 331 340 327 327 327 327 327 327 327 327 327 327 327 327 327 327 327 327 327 327 327 327 327 327 327 327 327 327 327 327 327 327 327 327 327 327 327 327 327 327 327 327 327 327 327 327 327 327 327 327 327 327 327 327 327 327 327 327 327 327 327 327 327 327 327 327 327 327 327 327 327 327 327 327 327 327 327 327 327 327 327 327 339 331 331 331 331 331 331 331 331 331 
331 331 331 331 331 331 331 331 331 340 327 327 327 327 327 327 327 327 327 327 327 327 327 327 327 327 327 327 327 327 327 327 327 327 327 327 327 327 327 327 327 327 327 327 327 327 327 327 327 327 327 327 327 327 327 327 327 327 327 327 327 327 327 327 327 327 327 327 327 327 327 327 327 327 327 327 327 327 327 327 327 327 327 327 327 327 327 327 327 327 339 331 331 331 331 331 331 331 331 331 
331 331 331 331 331 331 331 331 331 340 327 327 327 327 327 327 327 327 327 327 327 327 327 327 327 327 327 327 327 327 327 327 327 327 327 327 327 327 327 327 327 327 327 327 327 327 327 327 327 327 327 327 327 327 327 327 327 327 327 327 327 327 327 327 327 327 327 327 327 327 327 327 327 327 327 327 327 327 327 327 327 327 327 327 327 327 327 327 327 327 339 331 331 331 331 331 331 331 331 331 
331 331 331 331 331 331 331 331 331 340 327 327 327 327 327 327 327 327 327 327 327 327 327 327 327 327 327 327 327 327 327 327 327 327 327 327 327 327 327 327 327 327 327 327 327 327 327 327 327 327 327 327 327 327 327 327 327 327 327 327 327 327 327 327 327 327 327 327 327 327 327 327 327 327 327 327 327 327 327 327 327 327 327 327 327 327 327 327 327 327 339 331 331 331 331 331 331 331 331 331 
331 331 331 331 331 331 331 331 331 340 327 327 327 327 327 327 327 327 327 327 327 327 327 327 327 327 327 327 327 327 327 327 327 327 327 327 327 327 327 327 327 327 327 327 327 327 327 327 327 327 327 327 327 327 327 327 327 327 327 327 327 327 327 327 327 327 327 327 327 327 327 327 327 327 327 327 327 327 327 327 327 327 327 327 327 327 327 327 327 327 339 331 331 331 331 331 331 331 331 331 
331 331 331 331 331 331 331 331 331 340 327 327 327 327 327 327 327 327 327 327 327 327 327 327 327 327 327 327 327 327 327 327 327 327 327 327 327 327 327 327 327 327 327 327 327 327 327 327 327 327 327 327 327 327 327 327 327 327 327 327 327 327 327 327 327 327 327 327 327 327 327 327 327 327 327 327 327 327 327 327 327 327 327 327 327 327 327 327 327 327 339 331 331 331 331 331 331 331 331 331 
331 331 331 331 331 331 331 331 331 340 327 327 327 327 327 327 327 327 327 327 327 327 327 327 327 327 327 327 327 327 327 327 327 327 327 327 327 327 327 327 327 327 327 327 327 327 327 327 327 327 327 327 327 327 327 327 327 327 327 327 327 327 327 327 327 327 327 327 327 327 327 327 327 327 327 327 327 327 327 327 327 327 327 327 327 327 327 327 327 327 339 331 331 331 331 331 331 331 331 331 
331 331 331 331 331 331 331 331 331 340 327 327 327 327 327 327 327 327 327 327 327 327 327 327 327 327 327 327 327 327 327 327 327 327 327 327 327 327 327 327 327 327 327 327 327 327 327 327 327 327 327 327 327 327 327 327 327 327 327 327 327 327 327 327 327 327 327 327 327 327 327 327 327 327 327 327 327 327 327 327 327 327 327 327 327 327 327 327 327 327 339 331 331 331 331 331 331 331 331 331 
331 331 331 331 331 331 331 331 331 340 327 327 327 327 327 327 327 327 327 327 327 327 327 327 327 327 327 327 327 327 327 327 327 327 327 327 327 327 327 327 327 327 327 327 327 327 327 327 327 327 327 327 327 327 327 327 327 327 327 327 327 327 327 327 327 327 327 327 327 327 327 327 327 327 327 327 327 327 327 327 327 327 327 327 327 327 327 327 327 327 339 331 331 331 331 331 331 331 331 331 
331 331 331 331 331 331 331 331 331 340 327 327 327 327 327 327 327 327 327 327 327 327 327 327 327 327 327 327 327 327 327 327 327 327 327 327 327 327 327 327 327 327 327 327 327 327 327 327 327 327 327 327 327 327 327 327 327 327 327 327 327 327 327 327 327 327 327 327 327 327 327 327 327 327 327 327 327 327 327 327 327 327 327 327 327 327 327 327 327 327 339 331 331 331 331 331 331 331 331 331 
331 331 331 331 331 331 331 331 331 340 327 327 327 327 327 327 327 327 327 327 327 327 327 327 327 327 327 327 327 327 327 327 327 327 327 327 327 327 327 327 327 327 327 327 327 327 327 327 327 327 327 327 327 327 327 327 327 327 327 327 327 327 327 327 327 327 327 327 327 327 327 327 327 327 327 327 327 327 327 327 327 327 327 327 327 327 327 327 327 327 339 331 331 331 331 331 331 331 331 331 
331 331 331 331 331 331 331 331 331 340 327 327 327 327 327 327 327 327 327 327 327 327 327 327 327 327 327 327 327 327 327 327 327 327 327 327 327 327 327 327 327 327 327 327 327 327 327 327 327 327 327 327 327 327 327 327 327 327 327 327 327 327 327 327 327 327 327 327 327 327 327 327 327 327 327 327 327 327 327 327 327 327 327 327 327 327 327 327 327 327 339 331 331 331 331 331 331 331 331 331 
331 331 331 331 331 331 331 331 331 340 327 327 327 327 327 327 327 327 327 327 327 327 327 327 327 327 327 327 327 327 327 327 327 327 327 327 327 327 327 327 327 327 327 327 327 327 327 327 327 327 327 327 327 327 327 327 327 327 327 327 327 327 327 327 327 327 327 327 327 327 327 327 327 327 327 327 327 327 327 327 327 327 327 327 327 327 327 327 327 327 339 331 331 331 331 331 331 331 331 331 
331 331 331 331 331 331 331 331 331 340 327 327 327 327 327 327 327 327 327 327 327 327 327 327 327 327 327 327 327 327 327 327 327 327 327 327 327 327 327 327 327 327 327 327 327 327 327 327 327 327 327 327 327 327 327 327 327 327 327 327 327 327 327 327 327 327 327 327 327 327 327 327 327 327 327 327 327 327 327 327 327 327 327 327 327 327 327 327 327 327 339 331 331 331 331 331 331 331 331 331 
331 331 331 331 331 331 331 331 331 340 327 327 327 327 327 327 327 327 327 327 327 327 327 327 327 327 327 327 327 327 327 327 327 327 327 327 327 327 327 327 327 327 327 327 327 327 327 327 327 327 327 327 327 327 327 327 327 327 327 327 327 327 327 327 327 327 327 327 327 327 327 327 327 327 327 327 327 327 327 327 327 327 327 327 327 327 327 341 343 343 331 331 331 331 331 331 331 331 331 331 
331 331 331 331 331 331 331 331 331 340 327 327 327 327 327 327 327 327 327 327 327 327 327 327 327 327 327 327 327 327 327 327 327 327 327 327 327 327 327 327 327 327 327 327 327 327 327 327 327 327 327 327 327 327 327 327 327 327 327 327 327 327 327 327 327 327 327 327 327 327 327 327 327 327 327 327 327 327 327 327 327 327 327 327 327 341 343 331 331 331 331 331 331 331 331 331 331 331 331 331 
331 331 331 331 331 331 331 331 331 340 327 327 327 327 327 327 327 327 327 327 327 327 327 327 327 327 327 327 327 327 327 327 327 327 327 327 327 327 327 327 327 327 327 327 327 327 327 327 327 327 327 327 327 327 327 327 327 327 327 327 327 327 327 327 327 327 327 327 327 327 327 327 327 327 327 327 327 327 327 327 327 327 327 341 343 331 331 331 331 331 331 331 331 331 331 331 331 331 331 331 
331 331 331 331 331 331 331 331 331 340 327 327 327 327 327 327 327 327 327 327 327 327 327 327 327 327 327 327 327 327 327 327 327 327 327 327 327 327 327 327 327 327 327 327 327 327 327 327 327 327 327 327 327 327 327 327 327 327 327 327 327 327 327 327 327 327 327 327 327 327 327 327 327 327 327 327 327 327 327 327 341 343 343 331 331 331 331 331 331 331 331 331 331 331 331 331 331 331 331 331 
331 331 331 331 331 331 331 331 331 340 327 327 327 327 327 327 327 327 327 327 327 327 327 327 327 327 327 327 327 327 327 327 327 327 327 327 327 327 327 327 327 327 327 327 327 327 327 327 327 327 327 327 327 327 327 327 327 327 327 327 327 327 327 327 327 327 327 327 327 327 327 327 327 327 327 327 327 341 343 343 331 331 331 331 331 331 331 331 331 331 331 331 331 331 331 331 331 331 331 331 
331 331 331 331 331 331 331 331 331 340 327 327 327 327 327 327 327 327 327 327 327 327 327 327 327 327 327 327 327 327 327 327 327 327 327 327 327 327 327 327 327 327 327 327 327 327 327 327 327 327 327 327 327 327 327 327 327 327 327 327 327 327 327 327 327 327 327 327 327 327 327 327 327 327 327 327 341 331 331 331 331 331 331 331 331 331 331 331 331 331 331 331 331 331 331 331 331 331 331 331 
331 331 331 331 331 331 331 331 331 340 327 327 327 327 327 327 327 327 327 327 327 327 327 327 327 327 327 327 327 327 327 327 327 327 327 327 327 327 327 327 327 327 327 327 327 327 327 327 327 327 327 327 327 327 327 327 327 327 327 327 327 327 327 327 327 327 327 327 327 327 327 327 327 327 327 341 331 331 331 331 331 331 331 331 331 331 331 331 331 331 331 331 331 331 331 331 331 331 331 331 
331 331 331 331 331 331 331 331 331 340 327 327 327 327 327 327 327 327 327 327 327 327 327 327 327 327 327 327 327 327 327 327 327 327 327 327 327 327 327 327 327 327 327 327 327 327 327 327 327 327 327 327 327 327 327 327 327 327 327 327 327 327 327 327 327 327 327 327 327 327 327 327 327 327 327 337 331 331 331 331 331 331 331 331 331 331 331 331 331 331 331 331 331 331 331 331 331 331 331 331 
331 331 331 331 331 331 331 331 331 340 327 327 327 327 327 327 327 327 327 327 327 327 327 327 327 327 327 327 327 327 327 327 327 327 327 327 327 327 327 327 327 327 327 327 327 327 327 327 327 327 327 327 327 327 327 327 327 327 327 327 327 327 327 327 327 327 327 327 327 327 327 327 327 327 327 337 331 331 331 331 331 331 331 331 331 331 331 331 331 331 331 331 331 331 331 331 331 331 331 331 
331 331 331 331 331 331 331 331 331 340 327 327 327 327 327 327 327 327 327 327 327 327 327 327 327 327 327 327 327 327 327 327 327 327 327 327 327 327 327 327 327 327 327 327 327 327 327 327 327 327 327 327 327 327 327 327 327 327 327 327 327 327 327 327 327 327 327 327 327 327 327 327 327 327 327 337 331 331 331 331 331 331 331 331 331 331 331 331 331 331 331 331 331 331 331 331 331 331 331 331 
331 331 331 331 331 331 331 331 331 340 327 327 327 327 327 327 327 327 327 327 327 327 327 327 327 327 327 327 327 327 327 327 327 327 327 327 327 327 327 327 327 327 327 327 327 327 327 327 327 327 327 327 327 327 327 327 327 327 327 327 327 327 327 327 327 327 327 327 327 327 327 327 327 327 327 334 331 331 331 331 331 331 331 331 331 331 331 331 331 331 331 331 331 331 331 331 331 331 331 331 
331 331 331 331 331 331 331 331 331 340 327 327 327 327 327 327 327 327 327 327 327 327 327 327 327 327 327 327 327 327 327 327 327 327 327 327 327 327 327 327 327 327 327 327 327 327 327 327 327 327 327 327 327 327 327 327 327 327 327 327 327 327 327 327 327 327 327 327 327 327 327 327 327 327 327 344 334 331 331 331 331 331 331 331 331 331 331 331 331 331 331 331 331 331 331 331 331 331 331 331 
331 331 331 331 331 331 331 331 331 340 327 327 327 327 327 327 327 327 327 327 327 327 327 327 327 327 327 327 327 327 327 327 327 327 327 327 327 327 327 327 327 327 327 327 327 327 327 327 327 327 327 327 327 327 327 327 327 327 327 327 327 327 327 327 327 327 327 327 327 327 327 327 327 327 327 344 333 334 336 331 331 331 331 331 331 331 331 331 331 331 331 331 331 331 331 331 331 331 331 331 
331 331 331 331 331 331 331 331 331 340 327 327 327 327 327 327 327 327 327 327 327 327 327 327 327 327 327 327 327 327 327 327 327 327 327 327 327 327 327 327 327 327 327 327 327 327 327 327 327 327 327 327 327 327 327 327 327 327 327 327 327 327 327 327 327 327 327 327 327 327 327 327 327 327 327 330 333 333 333 337 331 331 331 331 331 331 331 331 331 331 331 331 331 331 331 331 331 331 331 331 
331 331 331 331 331 331 331 331 331 340 327 327 327 327 327 327 327 327 327 327 327 327 327 327 327 327 327 327 327 327 327 327 327 327 327 327 327 327 327 327 327 327 327 327 327 327 327 327 327 327 327 327 327 327 327 327 327 327 327 327 327 327 327 327 327 327 327 327 327 327 327 327 327 327 327 327 330 333 333 337 331 331 331 331 331 331 331 331 331 331 331 331 331 331 331 331 331 331 331 331 
331 331 331 331 331 331 331 331 331 340 327 327 327 327 327 327 327 327 327 327 327 327 327 327 327 327 327 327 327 327 327 327 327 327 327 327 327 327 327 327 327 327 327 327 327 327 327 327 327 327 327 327 327 327 327 327 327 327 327 327 327 327 327 327 327 327 327 327 327 327 327 327 327 327 327 327 327 330 329 334 336 336 336 336 336 336 331 331 331 331 331 331 331 331 331 331 331 331 331 331 
331 331 331 331 331 331 331 331 331 340 327 327 327 327 327 327 327 327 327 327 327 327 327 327 327 327 327 327 327 327 327 327 327 327 327 327 327 327 327 327 327 327 327 327 327 327 327 327 327 327 327 327 327 327 327 327 327 327 327 327 327 327 327 327 327 327 327 327 327 327 327 327 327 327 327 327 327 327 327 344 333 333 333 333 333 333 337 331 331 331 331 331 331 331 331 331 331 331 331 331 
331 331 331 331 331 331 331 331 331 340 327 327 327 327 327 327 327 327 327 327 327 327 327 327 327 327 327 327 327 327 327 327 327 327 327 327 327 327 327 327 327 327 327 327 327 327 327 327 327 327 327 327 327 327 327 327 327 327 327 327 327 327 327 327 327 327 327 327 327 327 327 327 327 327 327 327 327 327 327 344 333 333 333 333 333 333 337 331 331 331 331 331 331 331 331 331 331 331 331 331 
331 331 331 331 331 331 331 331 331 340 327 327 327 327 327 327 327 327 327 327 327 327 327 327 327 327 327 327 327 327 327 327 327 327 327 327 327 327 327 327 327 327 327 327 327 327 327 327 327 327 327 327 327 327 327 327 327 327 327 327 327 327 327 327 327 327 327 327 327 327 327 327 327 327 327 327 327 327 327 330 332 332 329 332 329 329 334 336 331 331 331 331 331 331 331 331 331 331 331 331 
331 331 331 331 331 331 331 331 331 340 327 327 327 327 327 327 327 327 327 327 327 327 327 327 327 327 327 327 327 327 327 327 327 327 327 327 327 327 327 327 327 327 327 327 327 327 327 327 327 327 327 327 327 327 327 327 327 327 327 327 327 327 327 327 327 327 327 327 327 327 327 327 327 327 327 327 327 327 327 327 327 327 327 327 327 327 344 333 337 331 331 331 331 331 331 331 331 331 331 331 
331 331 331 331 331 331 331 331 331 340 327 327 327 327 327 327 327 327 327 327 327 327 327 327 327 327 327 327 327 327 327 327 327 327 327 327 327 327 327 327 327 327 327 327 327 327 327 327 327 327 327 327 327 327 327 327 327 327 327 327 327 327 327 327 327 327 327 341 343 343 343 343 343 343 343 343 343 343 342 327 327 327 327 327 327 327 344 333 337 331 331 331 331 331 331 331 331 331 331 331 
331 331 331 331 331 331 331 331 331 340 327 327 327 327 327 327 327 327 327 327 327 327 327 327 327 327 327 327 327 327 327 327 327 327 327 327 327 327 327 327 327 327 327 327 327 327 327 327 327 327 327 327 327 327 327 327 327 327 327 327 327 327 327 327 341 343 343 331 331 331 331 331 331 331 331 331 331 331 331 342 327 327 327 327 327 327 330 329 334 331 331 331 331 331 331 331 331 331 331 331 
331 331 331 331 331 331 331 331 331 340 327 327 327 327 327 327 327 327 327 327 327 327 327 327 327 327 327 327 327 327 327 327 327 327 327 327 327 327 327 327 327 327 327 327 327 327 327 327 327 327 327 327 327 327 327 327 327 327 327 327 327 327 327 341 331 331 331 331 331 331 331 331 331 331 331 331 331 331 331 338 327 327 327 327 327 327 327 327 344 334 331 331 331 331 331 331 331 331 331 331 
331 331 331 331 331 331 331 331 331 340 327 327 327 327 327 327 327 327 327 327 327 327 327 327 327 327 327 327 327 327 327 327 327 327 327 327 327 327 327 327 327 327 327 327 327 327 327 327 327 327 327 327 327 327 327 327 327 327 327 327 327 327 341 331 331 331 331 331 331 331 331 331 331 331 331 331 331 331 331 338 327 327 327 327 327 327 327 327 344 333 339 331 331 331 331 331 331 331 331 331 
331 331 331 331 331 331 331 331 331 340 327 327 327 327 327 327 327 327 327 327 327 327 327 327 327 327 327 327 327 327 327 327 327 327 327 327 327 327 327 327 327 327 327 327 327 327 327 327 327 327 327 327 327 327 327 327 327 327 327 327 327 341 331 331 331 331 331 331 331 331 331 331 331 331 331 331 331 331 331 331 342 327 327 327 327 327 327 327 330 333 339 331 331 331 331 331 331 331 331 331 
331 331 331 331 331 331 331 331 331 340 327 327 327 327 327 327 327 327 327 327 327 327 327 327 327 327 327 327 327 327 327 327 327 327 327 327 327 327 327 327 327 327 327 327 327 327 327 327 327 327 327 327 327 327 327 327 327 327 327 327 327 337 331 331 331 331 331 331 331 331 331 331 331 331 331 331 331 331 331 331 338 327 327 327 327 327 327 327 327 341 331 331 331 331 331 331 331 331 331 331 
331 331 331 331 331 331 331 331 331 340 327 327 327 327 327 327 327 327 327 327 327 327 327 327 327 327 327 327 327 327 327 327 327 327 327 327 327 327 327 327 327 327 327 327 327 327 327 327 327 327 327 327 327 327 327 327 327 327 327 327 327 337 331 331 331 331 331 331 331 331 331 331 331 331 331 331 331 331 331 331 338 327 327 327 327 327 327 327 341 331 331 331 331 331 331 331 331 331 331 331 
331 331 331 331 331 331 331 331 331 340 327 327 327 327 327 327 327 327 327 327 327 327 327 327 327 327 327 327 327 327 327 327 327 327 327 327 327 327 327 327 327 327 327 327 327 327 327 327 327 327 327 327 327 327 327 327 327 327 327 327 327 337 331 331 331 331 331 331 331 331 331 331 331 331 331 331 331 331 331 331 338 327 327 327 327 327 327 341 331 331 331 331 331 331 331 331 331 331 331 331 
331 331 331 331 331 331 331 331 331 340 327 327 327 327 327 327 327 327 327 327 327 327 327 327 327 327 327 327 327 327 327 327 327 327 327 327 327 327 327 327 327 327 327 327 327 327 327 327 327 327 327 327 327 327 327 327 327 327 327 327 327 337 331 331 331 331 331 331 331 331 331 331 331 331 331 331 331 331 331 336 335 327 327 327 327 327 327 341 331 331 331 331 331 331 331 331 331 331 331 331 
331 331 331 331 331 331 331 331 331 340 327 327 327 327 327 327 327 327 327 327 327 327 327 327 327 327 327 327 327 327 327 327 327 327 327 327 327 327 327 327 327 327 327 327 327 327 327 327 327 327 327 327 327 327 327 327 327 327 327 327 327 337 331 331 331 331 331 331 331 331 331 331 331 331 331 331 331 331 338 333 345 327 327 327 327 327 327 341 331 331 331 331 331 331 331 331 331 331 331 331 
331 331 331 331 331 331 331 331 331 340 327 327 327 327 327 327 327 327 327 327 327 327 327 327 327 327 327 327 327 327 327 327 327 327 327 327 327 327 327 327 327 327 327 327 327 327 327 327 327 327 327 327 327 327 327 327 327 327 327 327 327 334 331 331 331 331 331 331 331 331 331 331 331 331 331 331 331 331 338 333 345 327 327 327 327 327 327 341 331 331 331 331 331 331 331 331 331 331 331 331 
331 331 331 331 331 331 331 331 331 340 327 327 327 327 327 327 327 327 327 327 327 327 327 327 327 327 327 327 327 327 327 327 327 327 327 327 327 327 327 327 327 327 327 327 327 327 327 327 327 327 327 327 327 327 327 327 327 327 327 327 327 344 337 331 331 331 331 331 331 331 331 331 331 331 331 331 331 331 338 329 328 327 327 327 327 327 327 341 331 331 331 331 331 331 331 331 331 331 331 331 
331 331 331 331 331 331 331 331 331 340 327 327 327 327 327 327 327 327 327 327 327 327 327 327 327 327 327 327 327 327 327 327 327 327 327 327 327 327 327 327 327 327 327 327 327 327 327 327 327 327 327 327 327 327 327 327 327 327 327 327 327 344 334 331 331 331 331 331 331 331 331 331 331 331 331 331 331 331 331 342 327 327 327 327 327 327 327 341 331 331 331 331 331 331 331 331 331 331 331 331 
331 331 331 331 331 331 331 331 331 340 327 327 327 327 327 327 327 327 327 327 327 327 327 327 327 327 327 327 327 327 327 327 327 327 327 327 327 327 327 327 327 327 327 327 327 327 327 327 327 327 327 327 327 327 327 327 327 327 327 327 327 330 344 339 331 331 331 331 331 331 331 331 331 331 331 331 331 331 331 331 342 327 327 327 327 327 327 341 331 331 331 331 331 331 331 331 331 331 331 331 
331 331 331 331 331 331 331 331 331 340 327 327 327 327 327 327 327 327 327 327 327 327 327 327 327 327 327 327 327 327 327 327 327 327 327 327 327 327 327 327 327 327 327 327 327 327 327 327 327 327 327 327 327 327 327 327 327 327 327 327 327 327 344 339 331 331 331 331 331 331 331 331 331 331 331 331 331 331 331 331 338 327 327 327 327 327 327 341 331 331 331 331 331 331 331 331 331 331 331 331 
331 331 331 331 331 331 331 331 331 340 327 327 327 327 327 327 327 327 327 327 327 327 327 327 327 327 327 327 327 327 327 327 327 327 327 327 327 327 327 327 327 327 327 327 327 327 327 327 327 327 327 327 327 327 327 327 327 327 327 327 327 327 330 334 336 336 336 336 336 336 336 336 336 336 336 336 336 336 336 336 335 327 327 327 327 327 327 341 331 331 331 331 331 331 331 331 331 331 331 331 
331 331 331 331 331 331 331 331 331 340 327 327 327 327 327 327 327 327 327 327 327 327 327 327 327 327 327 327 327 327 327 327 327 327 327 327 327 327 327 327 327 327 327 327 327 327 327 327 327 327 327 327 327 327 327 327 327 327 327 327 327 327 327 344 333 333 333 333 333 333 333 333 333 333 333 333 333 333 333 333 345 327 327 327 327 327 327 334 331 331 331 331 331 331 331 331 331 331 331 331 
331 331 331 331 331 331 331 331 331 340 327 327 327 327 327 327 327 327 327 327 327 327 327 327 327 327 327 327 327 327 327 327 327 327 327 327 327 327 327 327 327 327 327 327 327 327 327 327 327 327 327 327 327 327 327 327 327 327 327 327 327 327 327 344 333 333 333 333 333 333 333 333 333 333 333 333 333 333 333 333 345 327 327 327 327 327 327 344 334 331 331 331 331 331 331 331 331 331 331 331 
331 331 331 331 331 331 331 331 331 340 327 327 327 327 327 327 327 327 327 327 327 327 327 327 327 327 327 327 327 327 327 327 327 327 327 327 327 327 327 327 327 327 327 327 327 327 327 327 327 327 327 327 327 327 327 327 327 327 341 342 327 327 327 330 329 332 329 329 332 329 329 329 332 329 332 329 329 332 329 332 328 327 327 327 327 327 327 330 333 334 331 331 331 331 331 331 331 331 331 331 
331 331 331 331 331 331 331 331 331 340 327 327 327 327 327 327 327 327 327 327 327 327 327 327 327 327 327 327 327 327 327 327 327 327 327 327 327 327 327 327 327 327 327 327 327 327 327 327 327 327 327 327 327 327 327 327 327 327 334 335 327 327 327 327 327 327 327 327 327 327 327 327 327 327 327 327 327 327 327 327 327 327 327 327 327 327 327 327 330 333 339 331 331 331 331 331 331 331 331 331 
331 331 331 331 331 331 331 331 331 340 327 327 327 327 327 327 327 327 327 327 327 327 327 327 327 327 327 327 327 327 327 327 327 327 327 327 327 327 327 327 327 327 327 327 327 327 327 327 327 327 327 327 327 327 327 327 327 327 344 345 327 327 327 327 327 327 327 327 327 327 327 327 327 327 327 327 327 327 327 327 327 327 327 327 327 327 327 327 327 330 339 331 331 331 331 331 331 331 331 331 
331 331 331 331 331 331 331 331 331 340 327 327 327 327 327 327 327 327 327 327 327 327 327 327 327 327 327 327 327 327 327 327 327 327 327 327 327 327 327 327 327 327 327 327 327 327 327 327 327 327 327 327 327 327 327 327 327 327 344 345 327 327 327 327 327 327 327 327 327 327 327 327 327 327 327 327 327 327 327 327 327 327 327 327 327 327 327 327 327 327 339 331 331 331 331 331 331 331 331 331 
331 331 331 331 331 331 331 331 331 340 327 327 327 327 327 327 327 327 327 327 327 327 327 327 327 327 327 327 327 327 327 327 327 327 327 327 327 327 327 327 327 327 327 327 327 327 327 327 327 327 327 327 327 327 327 327 327 327 330 328 327 327 327 327 327 327 327 327 327 327 327 327 327 327 327 327 327 327 327 327 327 327 327 327 327 327 327 327 327 327 339 331 331 331 331 331 331 331 331 331 
331 331 331 331 331 331 331 331 331 340 327 327 327 327 327 327 327 327 327 327 327 327 327 327 327 327 327 327 341 343 343 342 327 327 327 327 327 327 327 327 327 327 327 327 327 327 327 327 327 327 327 327 327 327 327 327 327 327 327 327 327 327 327 327 327 327 327 327 327 327 327 327 327 327 327 327 327 327 327 327 327 327 327 327 327 327 327 327 341 343 331 331 331 331 331 331 331 331 331 331 
331 331 331 331 331 331 331 331 331 340 327 327 327 327 327 327 327 327 327 327 327 327 327 327 327 327 327 341 331 331 331 331 343 342 327 327 327 327 327 327 327 327 327 327 327 327 327 327 327 327 327 327 327 327 327 327 327 327 327 327 327 327 327 327 327 327 327 327 327 327 327 327 327 327 327 327 327 327 327 327 327 327 327 327 327 327 327 327 337 331 331 331 331 331 331 331 331 331 331 331 
331 331 331 331 331 331 331 331 331 340 327 327 327 327 327 327 327 327 327 327 327 327 327 327 327 327 327 337 331 331 331 331 331 331 342 327 327 327 327 327 327 327 327 341 343 343 343 343 343 343 343 343 343 343 343 343 343 342 327 327 327 327 327 327 327 327 327 327 327 327 327 327 341 343 343 343 343 342 327 327 327 327 327 327 327 327 327 327 337 331 331 331 331 331 331 331 331 331 331 331 
331 331 331 331 331 331 331 331 331 340 327 327 327 327 327 327 327 327 327 327 327 327 327 327 327 327 327 337 331 331 331 331 331 331 331 342 327 327 327 327 327 327 341 331 331 331 331 331 331 331 331 331 331 331 331 331 331 338 327 327 327 327 327 327 327 327 327 327 327 327 327 341 331 331 331 331 331 338 327 327 327 327 327 327 327 327 327 327 337 331 331 331 331 331 331 331 331 331 331 331 
331 331 331 331 331 331 331 331 331 340 327 327 327 327 327 327 327 327 327 327 327 327 327 327 341 343 343 331 331 331 331 331 331 331 331 331 343 342 327 327 327 341 331 331 331 331 331 331 331 331 331 331 331 331 331 331 331 331 342 327 327 327 327 327 327 327 327 327 327 327 327 337 331 331 331 331 331 338 327 327 327 327 327 327 327 327 327 327 337 331 331 331 331 331 331 331 331 331 331 331 
331 331 331 331 331 331 331 331 331 331 343 342 327 327 327 327 327 327 327 327 327 327 327 327 337 331 331 331 331 331 331 331 331 331 331 331 331 338 327 327 327 337 331 331 331 331 331 331 331 331 331 331 331 331 331 331 331 331 338 327 327 327 327 327 327 327 327 327 327 341 343 331 331 331 331 331 331 338 327 327 327 327 327 327 327 327 327 341 331 331 331 331 331 331 331 331 331 331 331 331 
331 331 331 331 331 331 331 331 331 331 331 331 342 327 327 327 327 327 327 341 343 342 327 341 331 331 331 331 331 331 331 331 331 331 331 331 331 338 327 327 327 337 331 331 331 331 331 331 331 331 331 331 331 331 331 331 331 331 338 327 327 327 327 327 327 327 327 327 341 331 331 331 331 331 331 331 331 338 327 327 327 327 327 327 327 327 341 331 331 331 331 331 331 331 331 331 331 331 331 331 
331 331 331 331 331 331 331 331 331 331 331 331 331 342 327 327 327 327 341 331 331 331 343 331 331 331 331 331 331 331 331 331 331 331 331 331 331 338 327 327 327 337 331 331 331 331 331 331 331 331 331 331 331 331 331 331 331 331 338 327 327 327 327 327 327 327 327 327 334 336 336 336 336 336 336 336 336 335 327 327 327 327 327 327 327 341 331 331 331 331 331 331 331 331 331 331 331 331 331 331 
331 331 331 331 331 331 331 331 331 331 331 331 331 342 327 327 327 341 331 331 331 331 331 331 331 331 331 331 331 331 331 331 331 331 331 331 331 338 327 327 327 337 331 331 331 331 331 331 331 331 331 331 331 331 331 331 331 331 331 342 327 327 327 327 327 327 327 327 344 333 333 333 333 333 333 333 333 345 327 327 327 327 327 327 327 337 331 331 331 331 331 331 331 331 331 331 331 331 331 331 
331 331 331 331 331 331 331 331 331 331 331 331 331 342 327 327 341 331 331 331 331 331 331 331 331 331 331 331 331 331 331 331 331 331 331 331 331 338 327 327 327 337 331 331 331 331 331 331 331 331 331 331 331 331 331 331 331 331 331 338 327 327 327 327 327 327 327 327 344 333 333 333 333 333 333 333 333 345 327 327 327 327 327 327 327 337 331 331 331 331 331 331 331 331 331 331 331 331 331 331 
331 331 331 331 331 331 331 331 331 331 331 331 331 335 327 327 334 331 331 331 331 331 331 331 331 331 331 331 331 331 331 331 331 331 331 331 331 338 327 327 327 337 331 331 331 331 331 331 331 331 331 331 331 331 331 331 331 331 331 338 327 327 327 327 327 327 327 327 330 329 332 329 332 329 332 332 332 328 327 327 327 327 327 327 327 337 331 331 331 331 331 331 331 331 331 331 331 331 331 331 
331 331 331 331 331 331 331 331 331 331 331 331 338 345 327 327 344 339 331 331 331 331 331 331 331 331 331 331 331 331 331 331 331 331 331 331 331 338 327 327 327 337 331 331 331 331 331 331 331 331 331 331 331 331 331 331 331 331 331 331 343 342 327 327 327 327 327 327 327 327 327 327 327 327 327 327 327 327 327 327 327 327 327 327 327 337 331 331 331 331 331 331 331 331 331 331 331 331 331 331 
331 331 331 331 331 331 331 331 331 331 331 331 331 343 342 327 341 331 331 331 331 331 331 331 331 331 331 331 331 331 331 331 331 331 331 331 331 338 327 327 327 337 331 331 331 331 331 331 331 331 331 331 331 331 331 331 331 331 331 331 331 338 327 327 327 327 327 327 327 327 327 327 327 327 327 327 327 327 327 327 327 327 327 327 327 337 331 331 331 331 331 331 331 331 331 331 331 331 331 331 
331 331 331 331 331 331 331 331 331 331 331 331 331 331 331 343 331 331 331 331 331 331 331 331 331 331 331 331 331 331 331 331 331 331 331 331 331 338 327 327 327 337 331 331 331 331 331 331 331 331 331 331 331 331 331 331 331 331 331 331 331 338 327 327 327 327 327 327 327 327 327 327 327 327 327 327 327 327 327 327 327 327 327 327 327 337 331 331 331 331 331 331 331 331 331 331 331 331 331 331 
331 331 331 331 331 331 331 331 331 331 331 331 331 331 331 331 331 331 331 331 331 331 331 331 331 331 331 331 331 331 331 331 331 331 331 331 331 343 343 343 343 331 331 331 331 331 331 331 331 331 331 331 331 331 331 331 331 331 331 331 331 331 343 343 343 343 343 343 343 343 343 343 343 343 343 343 343 343 343 343 343 343 343 343 343 331 331 331 331 331 331 331 331 331 331 331 331 331 331 331 
331 331 331 331 331 331 331 331 331 331 331 331 331 331 331 331 331 331 331 331 331 331 331 331 331 331 331 331 331 331 331 331 331 331 331 331 331 331 331 331 331 331 331 331 331 331 331 331 331 331 331 331 331 331 331 331 331 331 331 331 331 331 331 331 331 331 331 331 331 331 331 331 331 331 331 331 331 331 331 331 331 331 331 331 331 331 331 331 331 331 331 331 331 331 331 331 331 331 331 331 
331 331 331 331 331 331 331 331 331 331 331 331 331 331 331 331 331 331 331 331 331 331 331 331 331 331 331 331 331 331 331 331 331 331 331 331 331 331 331 331 331 331 331 331 331 331 331 331 331 331 331 331 331 331 331 331 331 331 331 331 331 331 331 331 331 331 331 331 331 331 331 331 331 331 331 331 331 331 331 331 331 331 331 331 331 331 331 331 331 331 331 331 331 331 331 331 331 331 331 331 
331 331 331 331 331 331 331 331 331 331 331 331 331 331 331 331 331 331 331 331 331 331 331 331 331 331 331 331 331 331 331 331 331 331 331 331 331 331 331 331 331 331 331 331 331 331 331 331 331 331 331 331 331 331 331 331 331 331 331 331 331 331 331 331 331 331 331 331 331 331 331 331 331 331 331 331 331 331 331 331 331 331 331 331 331 331 331 331 331 331 331 331 331 331 331 331 331 331 331 331 
331 331 331 331 331 331 331 331 331 331 331 331 331 331 331 331 331 331 331 331 331 331 331 331 331 331 331 331 331 331 331 331 331 331 331 331 331 331 331 331 331 331 331 331 331 331 331 331 331 331 331 331 331 331 331 331 331 331 331 331 331 331 331 331 331 331 331 331 331 331 331 331 331 331 331 331 331 331 331 331 331 331 331 331 331 331 331 331 331 331 331 331 331 331 331 331 331 331 331 331 
331 331 331 331 331 331 331 331 331 331 331 331 331 331 331 331 331 331 331 331 331 331 331 331 331 331 331 331 331 331 331 331 331 331 331 331 331 331 331 331 331 331 331 331 331 331 331 331 331 331 331 331 331 331 331 331 331 331 331 331 331 331 331 331 331 331 331 331 331 331 331 331 331 331 331 331 331 331 331 331 331 331 331 331 331 331 331 331 331 331 331 331 331 331 331 331 331 331 331 331 
331 331 331 331 331 331 331 331 331 331 331 331 331 331 331 331 331 331 331 331 331 331 331 331 331 331 331 331 331 331 331 331 331 331 331 331 331 331 331 331 331 331 331 331 331 331 331 331 331 331 331 331 331 331 331 331 331 331 331 331 331 331 331 331 331 331 331 331 331 331 331 331 331 331 331 331 331 331 331 331 331 331 331 331 331 331 331 331 331 331 331 331 331 331 331 331 331 331 331 331 
331 331 331 331 331 331 331 331 331 331 331 331 331 331 331 331 331 331 331 331 331 331 331 331 331 331 331 331 331 331 331 331 331 331 331 331 331 331 331 331 331 331 331 331 331 331 331 331 331 331 331 331 331 331 331 331 331 331 331 331 331 331 331 331 331 331 331 331 331 331 331 331 331 331 331 331 331 331 331 331 331 331 331 331 331 331 331 331 331 331 331 331 331 331 331 331 331 331 331 331 
331 331 331 331 331 331 331 331 331 331 331 331 331 331 331 331 331 331 331 331 331 331 331 331 331 331 331 331 331 331 331 331 331 331 331 331 331 331 331 331 331 331 331 331 331 331 331 331 331 331 331 331 331 331 331 331 331 331 331 331 331 331 331 331 331 331 331 331 331 331 331 331 331 331 331 331 331 331 331 331 331 331 331 331 331 331 331 331 331 331 331 331 331 331 331 331 331 331 331 331 
331 331 331 331 331 331 331 331 331 331 331 331 331 331 331 331 331 331 331 331 331 331 331 331 331 331 331 331 331 331 331 331 331 331 331 331 331 331 331 331 331 331 331 331 331 331 331 331 331 331 331 331 331 331 331 331 331 331 331 331 331 331 331 331 331 331 331 331 331 331 331 331 331 331 331 331 331 331 331 331 331 331 331 331 331 331 331 331 331 331 331 331 331 331 331 331 331 331 331 331 
